1	1	1	1	1
1	1	0	0	1
1	0.5	1	0.5	1
2	1	2	1	1
1	0.333333333	1	0.333333333	1
1	0.5	0	0	1
2	0.666666667	2	0.666666667	1
2	1	1	0.5	1
3	1	3	1	1
1	0.25	1	0.25	1
2	1	0	0	1
1	0.333333333	0	0	1
2	0.666666667	1	0.333333333	1
2	0.5	2	0.5	1
3	1	2	0.666666667	1
2	0.4	2	0.4	1
1	0.166666667	1	0.166666667	1
1	0.2	1	0.2	1
1	0.25	0	0	1
2	0.666666667	0	0	1
3	0.75	3	0.75	1
2	0.333333333	2	0.333333333	1
3	0.75	2	0.5	1
4	1	3	0.75	1
2	0.5	1	0.25	1
3	0.6	3	0.6	1
3	1	0	0	1
2	0.2	2	0.2	1
1	0.1	1	0.1	1
3	0.5	3	0.5	1
3	0.6	2	0.4	1
1	0.125	1	0.125	1
1	0.142857143	1	0.142857143	1
4	1	4	1	1
4	0.8	3	0.6	1
1	0.166666667	0	0	1
2	0.285714286	2	0.285714286	1
1	0.090909091	1	0.090909091	1
2	0.25	2	0.25	1
3	0.375	2	0.25	1
1	0.2	0	0	1
1	0.142857143	0	0	1
2	0.5	0	0	1
3	0.3	3	0.3	1
3	0.5	2	0.333333333	1
3	0.3	2	0.2	1
1	0.125	0	0	1
2	0.333333333	1	0.166666667	1
4	0.4	3	0.3	1
2	0.4	1	0.2	1
4	0.666666667	4	0.666666667	1
3	1	1	0.333333333	1
2	0.285714286	1	0.142857143	1
4	0.666666667	3	0.5	1
4	0.8	2	0.4	1
1	0.1	0	0	1
2	0.2	1	0.1	1
4	1	2	0.5	1
2	0.4	0	0	1
2	0.25	1	0.125	1
3	0.428571429	3	0.428571429	1
6	0.6	4	0.4	1
4	0.444444444	3	0.333333333	1
2	0.181818182	2	0.181818182	1
4	0.8	4	0.8	1
5	0.5	4	0.4	1
3	0.6	1	0.2	1
3	0.375	3	0.375	1
3	0.75	0	0	1
3	0.428571429	2	0.285714286	1
4	0.571428571	2	0.285714286	1
3	0.375	1	0.125	1
5	0.833333333	5	0.833333333	1
4	0.4	2	0.2	1
7	0.7	5	0.5	1
2	0.25	0	0	1
4	0.5	3	0.375	1
5	0.5	3	0.3	1
1	0.111111111	1	0.111111111	1
2	0.181818182	1	0.090909091	1
5	0.833333333	3	0.5	1
7	0.875	5	0.625	1
4	0.4	4	0.4	1
3	0.6	0	0	1
5	1	5	1	1
5	0.5	1	0.1	1
1	0.076923077	1	0.076923077	1
5	1	4	0.8	1
5	1	3	0.6	1
1	0.076923077	0	0	1
3	0.75	1	0.25	1
3	0.5	1	0.166666667	1
2	0.222222222	2	0.222222222	1
1	0.090909091	0	0	1
1	0.111111111	0	0	1
5	0.714285714	2	0.285714286	1
4	0.571428571	3	0.428571429	1
3	0.230769231	0	0	1
3	0.272727273	3	0.272727273	1
6	0.6	5	0.5	1
3	0.3	1	0.1	1
5	0.5	5	0.5	1
5	0.714285714	3	0.428571429	1
5	0.833333333	4	0.666666667	1
1	0.071428571	1	0.071428571	1
4	0.666666667	2	0.333333333	1
4	0.5	2	0.25	1
4	0.363636364	2	0.181818182	1
2	0.285714286	0	0	1
5	0.454545455	5	0.454545455	1
6	1	0	0	1
3	0.272727273	2	0.181818182	1
4	0.571428571	1	0.142857143	1
3	0.333333333	3	0.333333333	1
3	0.333333333	2	0.222222222	1
6	0.857142857	5	0.714285714	1
1	0.066666667	1	0.066666667	1
5	0.625	4	0.5	1
4	0.363636364	3	0.272727273	1
2	0.153846154	1	0.076923077	1
6	0.75	4	0.5	1
4	0.363636364	4	0.363636364	1
5	0.384615385	0	0	1
5	0.333333333	4	0.266666667	1
2	0.222222222	1	0.111111111	1
5	0.454545455	4	0.363636364	1
6	1	6	1	1
1	0.083333333	1	0.083333333	1
3	0.428571429	1	0.142857143	1
5	0.555555556	3	0.333333333	1
6	1	2	0.333333333	1
5	0.625	3	0.375	1
4	0.333333333	4	0.333333333	1
4	0.571428571	4	0.571428571	1
7	0.7	6	0.6	1
6	0.4	4	0.266666667	1
4	0.5	4	0.5	1
3	0.230769231	2	0.153846154	1
5	0.555555556	4	0.444444444	1
6	0.75	5	0.625	1
5	0.714285714	0	0	1
2	0.142857143	2	0.142857143	1
6	0.4	5	0.333333333	1
4	1	0	0	1
3	0.272727273	0	0	1
7	0.636363636	4	0.363636364	1
5	0.416666667	4	0.333333333	1
4	0.444444444	2	0.222222222	1
1	0.083333333	0	0	1
6	1	4	0.666666667	1
6	0.857142857	4	0.571428571	1
4	0.307692308	0	0	1
8	0.8	7	0.7	1
5	0.625	5	0.625	1
5	0.357142857	4	0.285714286	1
4	0.8	1	0.2	1
2	0.222222222	0	0	1
8	0.727272727	2	0.181818182	1
2	0.333333333	0	0	1
5	0.833333333	0	0	1
9	1	7	0.777777778	1
2	0.166666667	2	0.166666667	1
1	0.0625	1	0.0625	1
4	0.8	0	0	1
3	0.272727273	1	0.090909091	1
5	0.714285714	5	0.714285714	1
1	0.05	1	0.05	1
6	0.461538462	0	0	1
4	0.363636364	0	0	1
2	0.133333333	2	0.133333333	1
6	0.428571429	6	0.428571429	1
4	0.266666667	3	0.2	1
3	0.428571429	0	0	1
7	0.636363636	0	0	1
6	0.545454545	5	0.454545455	1
7	0.466666667	6	0.4	1
8	0.888888889	6	0.666666667	1
3	0.25	3	0.25	1
4	0.444444444	4	0.444444444	1
6	0.666666667	1	0.111111111	1
7	0.583333333	5	0.416666667	1
4	0.333333333	3	0.25	1
6	0.857142857	6	0.857142857	1
3	0.25	1	0.083333333	1
1	0.071428571	0	0	1
5	0.416666667	3	0.25	1
7	0.5	6	0.428571429	1
6	0.4	0	0	1
5	0.416666667	5	0.416666667	1
4	0.333333333	1	0.083333333	1
7	1	7	1	1
10	0.666666667	8	0.533333333	1
1	0.045454545	0	0	1
7	0.875	3	0.375	1
3	0.3	0	0	1
7	1	6	0.857142857	1
6	0.666666667	5	0.555555556	1
5	0.454545455	3	0.272727273	1
5	0.555555556	1	0.111111111	1
7	0.35	6	0.3	1
3	0.2	0	0	1
8	1	6	0.75	1
2	0.166666667	0	0	1
6	0.5	4	0.333333333	1
1	0.058823529	1	0.058823529	1
3	0.25	0	0	1
5	0.833333333	2	0.333333333	1
7	0.583333333	6	0.5	1
4	1	1	0.25	1
1	0.027027027	0	0	1
6	0.428571429	3	0.214285714	1
6	0.6	1	0.1	1
1	0.04	0	0	1
6	0.545454545	6	0.545454545	1
3	0.333333333	0	0	1
4	0.285714286	4	0.285714286	1
2	0.142857143	0	0	1
4	0.444444444	1	0.111111111	1
3	0.333333333	1	0.111111111	1
3	0.230769231	1	0.076923077	1
7	0.777777778	6	0.666666667	1
2	0.133333333	0	0	1
9	0.692307692	1	0.076923077	1
7	1	3	0.428571429	1
6	0.6	3	0.3	1
4	0.266666667	0	0	1
6	0.5	5	0.416666667	1
4	0.363636364	1	0.090909091	1
6	0.375	4	0.25	1
4	0.5	1	0.125	1
3	0.2	3	0.2	1
7	0.583333333	4	0.333333333	1
8	0.8	6	0.6	1
5	0.714285714	4	0.571428571	1
6	0.6	6	0.6	1
2	0.2	0	0	1
4	0.666666667	0	0	1
4	0.25	2	0.125	1
10	0.416666667	6	0.25	1
8	0.666666667	8	0.666666667	1
3	0.15	3	0.15	1
1	0.045454545	1	0.045454545	1
7	0.636363636	5	0.454545455	1
2	0.083333333	1	0.041666667	1
9	0.818181818	6	0.545454545	1
2	0.090909091	2	0.090909091	1
3	0.25	2	0.166666667	1
2	0.125	1	0.0625	1
6	0.545454545	1	0.090909091	1
7	0.636363636	1	0.090909091	1
1	0.018867925	1	0.018867925	1
2	0.133333333	1	0.066666667	1
4	0.666666667	1	0.166666667	1
5	0.2	1	0.04	1
8	0.5	2	0.125	1
5	0.333333333	3	0.2	1
9	0.75	8	0.666666667	1
7	0.7	4	0.4	1
1	0.055555556	1	0.055555556	1
5	0.333333333	5	0.333333333	1
4	0.285714286	3	0.214285714	1
8	0.666666667	6	0.5	1
5	0.454545455	0	0	1
6	0.666666667	3	0.333333333	1
3	0.5	0	0	1
6	0.545454545	2	0.181818182	1
3	0.2	1	0.066666667	1
5	0.454545455	1	0.090909091	1
8	0.727272727	5	0.454545455	1
7	0.291666667	4	0.166666667	1
6	0.75	6	0.75	1
6	0.428571429	5	0.357142857	1
6	0.75	3	0.375	1
3	0.2	2	0.133333333	1
8	0.666666667	7	0.583333333	1
4	0.266666667	2	0.133333333	1
2	0.166666667	1	0.083333333	1
6	0.666666667	4	0.444444444	1
9	0.818181818	3	0.272727273	1
5	1	2	0.4	1
11	0.733333333	7	0.466666667	1
6	1	3	0.5	1
1	0.037037037	1	0.037037037	1
3	0.375	0	0	1
7	0.538461538	0	0	1
8	0.533333333	0	0	1
2	0.181818182	0	0	1
5	0.625	2	0.25	1
6	0.5	6	0.5	1
8	0.533333333	7	0.466666667	1
5	0.294117647	0	0	1
8	0.8	5	0.5	1
6	0.857142857	2	0.285714286	1
4	0.4	1	0.1	1
7	0.636363636	2	0.181818182	1
5	0.357142857	2	0.142857143	1
2	0.117647059	2	0.117647059	1
2	0.153846154	0	0	1
8	0.571428571	7	0.5	1
7	1	2	0.285714286	1
6	0.545454545	4	0.363636364	1
10	0.666666667	2	0.133333333	1
9	0.9	6	0.6	1
4	0.075471698	2	0.037735849	1
12	0.48	4	0.16	1
13	0.382352941	6	0.176470588	1
5	0.454545455	2	0.181818182	1
11	0.733333333	2	0.133333333	1
7	0.466666667	0	0	1
12	0.8	10	0.666666667	1
7	0.636363636	6	0.545454545	1
7	0.777777778	5	0.555555556	1
9	0.642857143	5	0.357142857	1
7	0.636363636	7	0.636363636	1
3	0.125	1	0.041666667	1
4	0.181818182	3	0.136363636	1
5	0.333333333	0	0	1
6	0.857142857	0	0	1
9	0.642857143	4	0.285714286	1
3	0.176470588	0	0	1
3	0.12	0	0	1
8	0.615384615	0	0	1
5	0.5	2	0.2	1
3	0.111111111	3	0.111111111	1
4	0.333333333	0	0	1
10	0.5	10	0.5	1
6	0.315789474	4	0.210526316	1
1	0.041666667	0	0	1
4	0.266666667	4	0.266666667	1
7	0.875	7	0.875	1
4	0.307692308	2	0.153846154	1
8	0.5	6	0.375	1
6	0.4	6	0.4	1
2	0.125	2	0.125	1
7	0.5	0	0	1
7	0.4375	6	0.375	1
8	0.533333333	6	0.4	1
7	0.875	6	0.75	1
9	0.5625	9	0.5625	1
6	0.857142857	3	0.428571429	1
5	0.384615385	2	0.153846154	1
7	0.4375	2	0.125	1
3	0.214285714	3	0.214285714	1
4	0.307692308	1	0.076923077	1
8	1	5	0.625	1
15	0.441176471	7	0.205882353	1
7	0.259259259	6	0.222222222	1
11	0.733333333	9	0.6	1
4	0.166666667	0	0	1
10	0.416666667	5	0.208333333	1
3	0.136363636	2	0.090909091	1
4	0.235294118	0	0	1
8	0.421052632	6	0.315789474	1
7	0.7	7	0.7	1
9	0.6	5	0.333333333	1
2	0.142857143	1	0.071428571	1
3	0.157894737	2	0.105263158	1
5	0.555555556	5	0.555555556	1
4	0.444444444	0	0	1
1	0.055555556	0	0	1
4	0.166666667	2	0.083333333	1
5	0.625	1	0.125	1
11	0.785714286	10	0.714285714	1
9	0.642857143	6	0.428571429	1
3	0.1875	2	0.125	1
8	0.444444444	8	0.444444444	1
10	0.714285714	9	0.642857143	1
4	0.210526316	3	0.157894737	1
2	0.076923077	1	0.038461538	1
10	0.526315789	8	0.421052632	1
12	0.5	3	0.125	1
9	0.9	8	0.8	1
13	0.52	5	0.2	1
1	0.066666667	0	0	1
5	0.263157895	4	0.210526316	1
6	0.3	4	0.2	1
6	0.25	2	0.083333333	1
6	0.75	1	0.125	1
13	0.65	12	0.6	1
7	0.2	4	0.114285714	1
9	0.6	7	0.466666667	1
10	0.625	8	0.5	1
6	0.25	3	0.125	1
8	0.727272727	8	0.727272727	1
5	0.185185185	4	0.148148148	1
15	0.6	6	0.24	1
3	0.096774194	2	0.064516129	1
3	0.136363636	3	0.136363636	1
3	0.1875	3	0.1875	1
4	0.2	2	0.1	1
2	0.111111111	2	0.111111111	1
10	0.476190476	9	0.428571429	1
2	0.068965517	2	0.068965517	1
3	0.15	2	0.1	1
8	0.4	7	0.35	1
5	0.185185185	5	0.185185185	1
2	0.1	2	0.1	1
5	0.833333333	1	0.166666667	1
7	0.4375	5	0.3125	1
7	0.5	4	0.285714286	1
14	0.56	6	0.24	1
6	0.375	2	0.125	1
5	0.416666667	0	0	1
5	0.2	2	0.08	1
7	0.777777778	3	0.333333333	1
9	0.692307692	0	0	1
9	0.409090909	8	0.363636364	1
10	0.416666667	3	0.125	1
3	0.214285714	2	0.142857143	1
3	0.115384615	3	0.115384615	1
2	0.076923077	2	0.076923077	1
6	0.352941176	4	0.235294118	1
4	0.137931034	4	0.137931034	1
5	0.227272727	5	0.227272727	1
12	0.8	3	0.2	1
7	0.304347826	5	0.217391304	1
8	0.571428571	5	0.357142857	1
7	0.466666667	7	0.466666667	1
4	0.173913043	0	0	1
1	0.03125	1	0.03125	1
2	0.105263158	2	0.105263158	1
6	0.315789474	5	0.263157895	1
4	0.285714286	1	0.071428571	1
3	0.125	0	0	1
7	0.777777778	1	0.111111111	1
11	0.523809524	10	0.476190476	1
3	0.1875	1	0.0625	1
16	0.470588235	7	0.205882353	1
2	0.153846154	2	0.153846154	1
8	0.333333333	2	0.083333333	1
2	0.111111111	1	0.055555556	1
8	0.615384615	1	0.076923077	1
7	0.466666667	3	0.2	1
15	0.6	5	0.2	1
14	0.56	5	0.2	1
10	0.454545455	8	0.363636364	1
2	0.117647059	0	0	1
2	0.074074074	1	0.037037037	1
3	0.214285714	0	0	1
5	0.416666667	1	0.083333333	1
4	0.166666667	1	0.041666667	1
12	0.363636364	10	0.303030303	1
2	0.086956522	2	0.086956522	1
9	0.45	6	0.3	1
7	0.5	7	0.5	1
10	0.666666667	7	0.466666667	1
10	0.909090909	8	0.727272727	1
5	0.416666667	2	0.166666667	1
16	0.355555556	13	0.288888889	1
6	0.666666667	2	0.222222222	1
3	0.166666667	1	0.055555556	1
4	0.571428571	0	0	1
9	0.375	5	0.208333333	1
7	0.466666667	5	0.333333333	1
9	0.6	8	0.533333333	1
5	0.208333333	2	0.083333333	1
9	0.6	6	0.4	1
7	0.291666667	3	0.125	1
9	0.473684211	8	0.421052632	1
1	0.058823529	0	0	1
3	0.056603774	1	0.018867925	1
7	0.875	4	0.5	1
8	1	3	0.375	1
10	0.416666667	2	0.083333333	1
10	0.4	3	0.12	1
2	0.0625	1	0.03125	1
6	0.5	3	0.25	1
2	0.117647059	1	0.058823529	1
13	0.541666667	6	0.25	1
8	0.533333333	5	0.333333333	1
3	0.115384615	2	0.076923077	1
9	0.818181818	9	0.818181818	1
7	0.5	1	0.071428571	1
6	0.3	6	0.3	1
6	1	5	0.833333333	1
10	0.4	8	0.32	1
4	0.125	3	0.09375	1
8	0.32	4	0.16	1
7	0.583333333	7	0.583333333	1
3	0.085714286	2	0.057142857	1
12	0.461538462	10	0.384615385	1
5	0.357142857	0	0	1
10	0.833333333	9	0.75	1
19	0.76	7	0.28	1
12	0.461538462	5	0.192307692	1
12	0.4	9	0.3	1
6	0.352941176	3	0.176470588	1
14	0.411764706	6	0.176470588	1
18	0.692307692	15	0.576923077	1
5	0.263157895	3	0.157894737	1
20	0.8	8	0.32	1
7	1	5	0.714285714	1
6	0.5	1	0.083333333	1
8	0.296296296	7	0.259259259	1
12	0.545454545	8	0.363636364	1
4	0.333333333	2	0.166666667	1
9	0.375	4	0.166666667	1
10	0.434782609	8	0.347826087	1
9	0.333333333	8	0.296296296	1
11	0.458333333	4	0.166666667	1
1	0.043478261	1	0.043478261	1
9	0.642857143	8	0.571428571	1
4	0.4	0	0	1
1	0.05	0	0	1
9	1	3	0.333333333	1
3	0.12	1	0.04	1
4	0.222222222	2	0.111111111	1
8	0.333333333	5	0.208333333	1
7	0.388888889	7	0.388888889	1
7	0.368421053	6	0.315789474	1
5	0.094339623	3	0.056603774	1
8	0.727272727	0	0	1
11	0.578947368	9	0.473684211	1
2	0.057142857	1	0.028571429	1
5	0.714285714	1	0.142857143	1
1	0.034482759	1	0.034482759	1
4	0.16	1	0.04	1
2	0.054054054	1	0.027027027	1
4	0.153846154	3	0.115384615	1
5	0.384615385	4	0.307692308	1
6	0.333333333	6	0.333333333	1
2	0.066666667	2	0.066666667	1
7	0.304347826	6	0.260869565	1
11	0.407407407	10	0.37037037	1
4	0.078431373	2	0.039215686	1
4	0.181818182	4	0.181818182	1
8	0.421052632	7	0.368421053	1
8	0.727272727	4	0.363636364	1
7	0.35	7	0.35	1
3	0.12	2	0.08	1
6	0.352941176	6	0.352941176	1
13	0.382352941	5	0.147058824	1
6	0.272727273	3	0.136363636	1
11	0.55	10	0.5	1
6	0.375	6	0.375	1
6	0.285714286	5	0.238095238	1
13	0.5	6	0.230769231	1
3	0.125	2	0.083333333	1
5	0.294117647	2	0.117647059	1
4	0.173913043	2	0.086956522	1
1	0.043478261	0	0	1
6	0.545454545	3	0.272727273	1
7	0.21875	6	0.1875	1
7	0.368421053	5	0.263157895	1
4	0.2	3	0.15	1
9	0.818181818	2	0.181818182	1
2	0.037735849	1	0.018867925	1
3	0.111111111	2	0.074074074	1
5	0.357142857	1	0.071428571	1
17	0.53125	7	0.21875	1
8	0.888888889	1	0.111111111	1
3	0.096774194	1	0.032258065	1
7	0.583333333	2	0.166666667	1
7	1	0	0	1
7	0.583333333	3	0.25	1
14	0.451612903	10	0.322580645	1
2	0.08	0	0	1
12	0.5	4	0.166666667	1
13	0.541666667	7	0.291666667	1
8	0.888888889	7	0.777777778	1
5	0.2	3	0.12	1
9	0.818181818	5	0.454545455	1
7	0.777777778	4	0.444444444	1
2	0.058823529	0	0	1
12	0.48	5	0.2	1
5	0.5	0	0	1
2	0.083333333	0	0	1
11	1	10	0.909090909	1
6	0.461538462	2	0.153846154	1
10	0.909090909	6	0.545454545	1
10	0.4	4	0.16	1
10	0.625	6	0.375	1
7	0.7	1	0.1	1
11	0.458333333	5	0.208333333	1
5	0.25	5	0.25	1
8	0.470588235	3	0.176470588	1
10	0.526315789	10	0.526315789	1
9	0.818181818	7	0.636363636	1
1	0.03125	0	0	1
8	0.727272727	7	0.636363636	1
6	0.428571429	0	0	1
2	0.08	1	0.04	1
12	0.631578947	8	0.421052632	1
7	0.269230769	4	0.153846154	1
15	0.576923077	7	0.269230769	1
10	0.588235294	3	0.176470588	1
5	0.3125	4	0.25	1
6	0.4	3	0.2	1
8	0.333333333	4	0.166666667	1
18	0.529411765	8	0.235294118	1
10	0.666666667	9	0.6	1
9	0.75	6	0.5	1
26	0.604651163	7	0.162790698	1
5	0.294117647	5	0.294117647	1
8	0.444444444	4	0.222222222	1
5	0.142857143	2	0.057142857	1
19	0.59375	7	0.21875	1
4	0.25	3	0.1875	1
7	0.4375	4	0.25	1
12	0.705882353	11	0.647058824	1
10	0.4	5	0.2	1
10	0.37037037	9	0.333333333	1
1	0.038461538	0	0	1
11	0.458333333	9	0.375	1
11	0.733333333	1	0.066666667	1
9	0.818181818	8	0.727272727	1
1	0.038461538	1	0.038461538	1
9	0.257142857	5	0.142857143	1
6	0.375	5	0.3125	1
6	0.133333333	5	0.111111111	1
3	0.103448276	3	0.103448276	1
9	0.346153846	5	0.192307692	1
11	0.44	5	0.2	1
7	0.304347826	3	0.130434783	1
8	0.666666667	4	0.333333333	1
5	0.094339623	2	0.037735849	1
2	0.0625	2	0.0625	1
6	0.272727273	5	0.227272727	1
11	0.458333333	3	0.125	1
6	0.461538462	4	0.307692308	1
6	0.24	2	0.08	1
8	0.333333333	7	0.291666667	1
1	0.041666667	1	0.041666667	1
6	0.206896552	6	0.206896552	1
1	0.047619048	1	0.047619048	1
14	0.583333333	6	0.25	1
6	0.113207547	3	0.056603774	1
2	0.074074074	2	0.074074074	1
6	0.171428571	3	0.085714286	1
2	0.039215686	0	0	1
8	0.32	3	0.12	1
3	0.085714286	1	0.028571429	1
12	0.857142857	1	0.071428571	1
8	0.235294118	3	0.088235294	1
7	0.777777778	2	0.222222222	1
9	0.473684211	7	0.368421053	1
4	0.25	4	0.25	1
6	0.24	3	0.12	1
10	0.3125	4	0.125	1
9	0.375	6	0.25	1
14	0.583333333	7	0.291666667	1
4	0.2	4	0.2	1
11	0.733333333	3	0.2	1
13	0.565217391	10	0.434782609	1
12	0.342857143	9	0.257142857	1
8	0.210526316	0	0	1
5	0.3125	2	0.125	1
3	0.1	2	0.066666667	1
12	0.461538462	7	0.269230769	1
4	0.235294118	2	0.117647059	1
10	0.344827586	8	0.275862069	1
10	0.714285714	1	0.071428571	1
11	0.916666667	9	0.75	1
2	0.095238095	2	0.095238095	1
7	0.28	6	0.24	1
3	0.176470588	2	0.117647059	1
16	0.5	6	0.1875	1
3	0.1	3	0.1	1
7	0.318181818	7	0.318181818	1
17	0.5	8	0.235294118	1
6	0.428571429	4	0.285714286	1
4	0.166666667	3	0.125	1
4	0.285714286	2	0.142857143	1
3	0.15	1	0.05	1
3	0.176470588	3	0.176470588	1
9	0.264705882	3	0.088235294	1
9	0.36	3	0.12	1
4	0.153846154	1	0.038461538	1
10	0.666666667	5	0.333333333	1
8	0.533333333	2	0.133333333	1
19	0.422222222	15	0.333333333	1
2	0.05	1	0.025	1
16	0.457142857	10	0.285714286	1
5	0.357142857	5	0.357142857	1
10	0.454545455	9	0.409090909	1
3	0.125	3	0.125	1
15	0.333333333	12	0.266666667	1
6	0.260869565	3	0.130434783	1
13	0.590909091	9	0.409090909	1
9	0.391304348	7	0.304347826	1
9	0.290322581	7	0.225806452	1
10	0.434782609	6	0.260869565	1
4	0.2	1	0.05	1
11	0.35483871	9	0.290322581	1
8	0.470588235	7	0.411764706	1
3	0.166666667	0	0	1
14	0.538461538	6	0.230769231	1
10	0.833333333	8	0.666666667	1
6	0.75	2	0.25	1
6	0.857142857	1	0.142857143	1
8	0.307692308	3	0.115384615	1
13	0.40625	6	0.1875	1
9	0.5	8	0.444444444	1
5	0.277777778	5	0.277777778	1
4	0.235294118	1	0.058823529	1
15	0.789473684	13	0.684210526	1
4	0.148148148	4	0.148148148	1
1	0.028571429	0	0	1
13	0.565217391	9	0.391304348	1
6	0.2	5	0.166666667	1
11	0.916666667	8	0.666666667	1
17	0.377777778	13	0.288888889	1
9	0.45	8	0.4	1
6	0.272727273	6	0.272727273	1
3	0.058823529	1	0.019607843	1
11	0.423076923	5	0.192307692	1
16	0.470588235	8	0.235294118	1
8	0.363636364	7	0.318181818	1
5	0.3125	5	0.3125	1
9	0.36	4	0.16	1
14	0.736842105	12	0.631578947	1
3	0.166666667	2	0.111111111	1
14	0.311111111	11	0.244444444	1
6	0.428571429	1	0.071428571	1
16	0.64	14	0.56	1
8	0.242424242	7	0.212121212	1
7	0.21875	4	0.125	1
2	0.039215686	1	0.019607843	1
10	0.555555556	5	0.277777778	1
3	0.115384615	1	0.038461538	1
15	0.441176471	5	0.147058824	1
8	0.571428571	4	0.285714286	1
9	0.391304348	8	0.347826087	1
13	0.541666667	3	0.125	1
6	0.461538462	1	0.076923077	1
9	0.346153846	8	0.307692308	1
12	0.6	11	0.55	1
14	0.518518519	13	0.481481481	1
17	0.548387097	12	0.387096774	1
11	0.423076923	6	0.230769231	1
9	0.409090909	6	0.272727273	1
3	0.056603774	2	0.037735849	1
14	0.56	11	0.44	1
5	0.227272727	4	0.181818182	1
11	0.423076923	8	0.307692308	1
15	0.454545455	11	0.333333333	1
6	0.24	1	0.04	1
2	0.037735849	2	0.037735849	1
9	0.473684211	9	0.473684211	1
8	0.666666667	5	0.416666667	1
6	0.162162162	5	0.135135135	1
9	0.75	9	0.75	1
6	0.352941176	1	0.058823529	1
9	0.473684211	5	0.263157895	1
10	0.714285714	6	0.428571429	1
4	0.108108108	2	0.054054054	1
12	0.5	6	0.25	1
3	0.130434783	2	0.086956522	1
14	0.4	8	0.228571429	1
9	0.5	7	0.388888889	1
7	0.205882353	3	0.088235294	1
12	0.857142857	11	0.785714286	1
8	0.571428571	1	0.071428571	1
1	0.028571429	1	0.028571429	1
9	0.5625	7	0.4375	1
1	0.017241379	1	0.017241379	1
7	0.7	0	0	1
11	0.47826087	8	0.347826087	1
1	0.04	1	0.04	1
16	0.666666667	3	0.125	1
5	0.555555556	2	0.222222222	1
4	0.16	2	0.08	1
4	0.078431373	1	0.019607843	1
5	0.333333333	1	0.066666667	1
11	0.523809524	6	0.285714286	1
5	0.208333333	1	0.041666667	1
1	0.029411765	1	0.029411765	1
11	0.5	11	0.5	1
9	0.375	3	0.125	1
6	0.6	2	0.2	1
13	0.684210526	7	0.368421053	1
4	0.266666667	1	0.066666667	1
5	0.238095238	4	0.19047619	1
14	0.4375	6	0.1875	1
7	0.291666667	7	0.291666667	1
3	0.130434783	0	0	1
7	0.466666667	4	0.266666667	1
3	0.230769231	3	0.230769231	1
8	0.216216216	7	0.189189189	1
6	0.176470588	2	0.058823529	1
7	0.538461538	7	0.538461538	1
4	0.210526316	4	0.210526316	1
12	0.545454545	9	0.409090909	1
12	0.75	10	0.625	1
11	0.244444444	10	0.222222222	1
25	0.581395349	9	0.209302326	1
14	0.636363636	12	0.545454545	1
11	0.379310345	10	0.344827586	1
8	0.32	2	0.08	1
8	1	8	1	1
9	0.473684211	6	0.315789474	1
10	0.384615385	5	0.192307692	1
10	0.833333333	7	0.583333333	1
7	0.291666667	5	0.208333333	1
21	0.6	15	0.428571429	1
6	0.24	0	0	1
12	0.75	9	0.5625	1
8	0.333333333	1	0.041666667	1
8	0.333333333	6	0.25	1
3	0.157894737	3	0.157894737	1
5	0.192307692	3	0.115384615	1
15	0.46875	7	0.21875	1
11	0.5	8	0.363636364	1
7	0.411764706	1	0.058823529	1
4	0.072727273	2	0.036363636	1
8	0.216216216	6	0.162162162	1
10	1	7	0.7	1
8	0.421052632	8	0.421052632	1
12	0.52173913	9	0.391304348	1
6	0.333333333	3	0.166666667	1
13	0.382352941	7	0.205882353	1
11	0.244444444	8	0.177777778	1
8	0.266666667	7	0.233333333	1
1	0.022222222	0	0	1
6	0.1875	4	0.125	1
19	0.863636364	16	0.727272727	1
5	0.384615385	3	0.230769231	1
8	0.727272727	6	0.545454545	1
7	0.155555556	6	0.133333333	1
12	1	10	0.833333333	1
10	0.625	2	0.125	1
12	0.5	5	0.208333333	1
5	0.227272727	3	0.136363636	1
11	0.323529412	4	0.117647059	1
14	0.411764706	7	0.205882353	1
3	0.09375	2	0.0625	1
9	0.169811321	2	0.037735849	1
9	0.75	4	0.333333333	1
9	0.409090909	9	0.409090909	1
8	0.4	8	0.4	1
11	0.6875	8	0.5	1
5	0.2	0	0	1
4	0.129032258	2	0.064516129	1
9	0.5625	5	0.3125	1
8	0.666666667	0	0	1
12	0.266666667	11	0.244444444	1
11	0.647058824	10	0.588235294	1
11	0.379310345	11	0.379310345	1
11	0.785714286	1	0.071428571	1
5	0.555555556	0	0	1
4	0.19047619	4	0.19047619	1
5	0.357142857	3	0.214285714	1
10	0.3125	6	0.1875	1
6	0.5	2	0.166666667	1
13	0.65	11	0.55	1
19	0.95	16	0.8	1
7	0.636363636	3	0.272727273	1
8	0.177777778	6	0.133333333	1
9	0.692307692	2	0.153846154	1
12	0.413793103	10	0.344827586	1
9	0.5625	6	0.375	1
11	0.733333333	8	0.533333333	1
26	0.8125	21	0.65625	1
5	0.208333333	0	0	1
7	0.538461538	1	0.076923077	1
4	0.148148148	3	0.111111111	1
5	0.111111111	4	0.088888889	1
10	0.434782609	5	0.217391304	1
12	0.375	6	0.1875	1
10	0.3125	5	0.15625	1
8	0.5	7	0.4375	1
20	0.606060606	16	0.484848485	1
6	0.230769231	4	0.153846154	1
7	0.411764706	5	0.294117647	1
11	0.47826087	7	0.304347826	1
13	0.866666667	4	0.266666667	1
14	0.311111111	10	0.222222222	1
18	0.782608696	9	0.391304348	1
7	0.318181818	6	0.272727273	1
12	0.631578947	10	0.526315789	1
16	0.666666667	7	0.291666667	1
9	0.155172414	6	0.103448276	1
7	0.269230769	3	0.115384615	1
6	0.222222222	5	0.185185185	1
6	0.206896552	5	0.172413793	1
5	0.384615385	1	0.076923077	1
25	0.833333333	19	0.633333333	1
6	0.176470588	4	0.117647059	1
3	0.069767442	0	0	1
12	0.6	10	0.5	1
13	0.433333333	9	0.3	1
8	0.177777778	7	0.155555556	1
11	0.733333333	6	0.4	1
5	0.15625	3	0.09375	1
11	0.55	11	0.55	1
11	0.47826087	9	0.391304348	1
20	0.769230769	17	0.653846154	1
18	0.514285714	12	0.342857143	1
6	0.285714286	6	0.285714286	1
11	0.366666667	7	0.233333333	1
6	0.1875	3	0.09375	1
8	0.533333333	4	0.266666667	1
13	0.393939394	10	0.303030303	1
7	0.2	3	0.085714286	1
1	0.0625	0	0	1
14	0.424242424	11	0.333333333	1
11	0.733333333	10	0.666666667	1
9	0.642857143	1	0.071428571	1
11	0.578947368	7	0.368421053	1
14	0.538461538	8	0.307692308	1
13	0.590909091	11	0.5	1
23	0.92	9	0.36	1
12	0.857142857	10	0.714285714	1
10	0.625	7	0.4375	1
20	0.8	7	0.28	1
20	0.444444444	17	0.377777778	1
13	0.5	10	0.384615385	1
11	1	6	0.545454545	1
12	0.571428571	11	0.523809524	1
6	0.176470588	5	0.147058824	1
8	0.307692308	4	0.153846154	1
11	0.458333333	8	0.333333333	1
9	0.428571429	7	0.333333333	1
7	0.233333333	5	0.166666667	1
4	0.307692308	3	0.230769231	1
3	0.157894737	1	0.052631579	1
7	0.28	2	0.08	1
4	0.117647059	2	0.058823529	1
4	0.222222222	4	0.222222222	1
12	0.279069767	4	0.093023256	1
16	0.470588235	5	0.147058824	1
2	0.1	0	0	1
13	0.52	4	0.16	1
26	0.604651163	9	0.209302326	1
10	1	9	0.9	1
14	0.56	7	0.28	1
5	0.142857143	1	0.028571429	1
4	0.285714286	0	0	1
13	0.928571429	12	0.857142857	1
9	0.529411765	8	0.470588235	1
9	0.75	7	0.583333333	1
6	0.375	3	0.1875	1
13	0.5	7	0.269230769	1
8	0.380952381	7	0.333333333	1
15	0.625	8	0.333333333	1
8	0.888888889	8	0.888888889	1
9	0.375	7	0.291666667	1
4	0.125	2	0.0625	1
17	0.232876712	10	0.136986301	1
6	0.24	4	0.16	1
1	0.052631579	1	0.052631579	1
12	0.48	6	0.24	1
32	0.524590164	26	0.426229508	1
12	0.8	0	0	1
15	0.5	11	0.366666667	1
8	0.235294118	2	0.058823529	1
14	0.736842105	7	0.368421053	1
16	0.5	7	0.21875	1
7	0.291666667	1	0.041666667	1
5	0.166666667	4	0.133333333	1
10	0.666666667	6	0.4	1
14	0.608695652	7	0.304347826	1
1	0.032258065	1	0.032258065	1
4	0.093023256	0	0	1
13	0.541666667	8	0.333333333	1
29	0.674418605	7	0.162790698	1
15	0.6	11	0.44	1
25	0.757575758	20	0.606060606	1
8	0.25	5	0.15625	1
9	0.6	1	0.066666667	1
5	0.217391304	5	0.217391304	1
8	0.228571429	3	0.085714286	1
11	0.458333333	6	0.25	1
11	0.366666667	8	0.266666667	1
15	0.75	14	0.7	1
5	0.294117647	3	0.176470588	1
19	0.422222222	16	0.355555556	1
23	0.741935484	17	0.548387097	1
16	0.727272727	11	0.5	1
5	0.161290323	3	0.096774194	1
5	0.151515152	4	0.121212121	1
1	0.025	1	0.025	1
13	0.866666667	9	0.6	1
7	0.411764706	6	0.352941176	1
16	0.8	14	0.7	1
14	0.583333333	10	0.416666667	1
21	0.65625	9	0.28125	1
8	0.571428571	0	0	1
10	0.714285714	5	0.357142857	1
9	0.257142857	4	0.114285714	1
3	0.020689655	0	0	1
2	0.090909091	1	0.045454545	1
6	0.352941176	2	0.117647059	1
17	0.85	15	0.75	1
11	0.34375	7	0.21875	1
6	0.193548387	5	0.161290323	1
1	0.018867925	0	0	1
12	0.226415094	3	0.056603774	1
17	0.653846154	15	0.576923077	1
17	0.68	6	0.24	1
10	0.294117647	5	0.147058824	1
16	0.695652174	7	0.304347826	1
7	0.205882353	5	0.147058824	1
18	0.529411765	7	0.205882353	1
7	0.269230769	5	0.192307692	1
10	0.909090909	9	0.818181818	1
11	0.916666667	10	0.833333333	1
17	0.708333333	13	0.541666667	1
7	0.132075472	3	0.056603774	1
7	0.205882353	2	0.058823529	1
4	0.153846154	4	0.153846154	1
11	0.44	9	0.36	1
1	0.023255814	0	0	1
10	0.416666667	9	0.375	1
5	0.172413793	5	0.172413793	1
5	0.208333333	3	0.125	1
11	0.34375	6	0.1875	1
6	0.333333333	2	0.111111111	1
12	0.48	9	0.36	1
13	0.590909091	12	0.545454545	1
4	0.210526316	2	0.105263158	1
14	0.466666667	10	0.333333333	1
12	0.52173913	10	0.434782609	1
2	0.058823529	2	0.058823529	1
14	0.538461538	12	0.461538462	1
8	0.266666667	6	0.2	1
5	0.217391304	4	0.173913043	1
6	0.333333333	4	0.222222222	1
7	0.114754098	4	0.06557377	1
9	1	4	0.444444444	1
16	0.372093023	7	0.162790698	1
4	0.133333333	2	0.066666667	1
12	0.266666667	10	0.222222222	1
18	0.545454545	14	0.424242424	1
7	0.259259259	7	0.259259259	1
9	0.219512195	8	0.195121951	1
1	0.03030303	1	0.03030303	1
5	0.277777778	2	0.111111111	1
17	0.708333333	14	0.583333333	1
12	1	9	0.75	1
13	0.393939394	11	0.333333333	1
7	0.411764706	4	0.235294118	1
11	0.215686275	2	0.039215686	1
10	0.526315789	5	0.263157895	1
17	0.772727273	15	0.681818182	1
14	0.4375	7	0.21875	1
20	0.64516129	15	0.483870968	1
9	0.36	7	0.28	1
21	0.807692308	17	0.653846154	1
12	0.5	10	0.416666667	1
25	0.431034483	19	0.327586207	1
15	0.46875	6	0.1875	1
4	0.121212121	4	0.121212121	1
8	0.347826087	4	0.173913043	1
14	0.583333333	3	0.125	1
17	0.894736842	12	0.631578947	1
5	0.147058824	1	0.029411765	1
16	0.457142857	11	0.314285714	1
21	0.488372093	7	0.162790698	1
20	0.273972603	12	0.164383562	1
14	0.411764706	5	0.147058824	1
7	0.28	4	0.16	1
5	0.294117647	4	0.235294118	1
6	0.5	0	0	1
10	0.769230769	3	0.230769231	1
6	0.2	4	0.133333333	1
4	0.16	3	0.12	1
14	0.311111111	12	0.266666667	1
4	0.19047619	3	0.142857143	1
16	0.64	6	0.24	1
9	0.6	0	0	1
4	0.075471698	3	0.056603774	1
10	0.625	9	0.5625	1
8	0.363636364	5	0.227272727	1
18	0.5625	8	0.25	1
7	0.132075472	4	0.075471698	1
11	0.6875	10	0.625	1
10	0.526315789	9	0.473684211	1
7	0.24137931	6	0.206896552	1
6	0.193548387	4	0.129032258	1
4	0.16	0	0	1
24	0.558139535	8	0.186046512	1
6	0.25	6	0.25	1
14	0.56	4	0.16	1
15	0.652173913	8	0.347826087	1
4	0.088888889	3	0.066666667	1
8	0.888888889	3	0.333333333	1
13	0.481481481	12	0.444444444	1
9	0.529411765	6	0.352941176	1
23	0.657142857	16	0.457142857	1
11	0.458333333	7	0.291666667	1
20	0.8	16	0.64	1
6	0.272727273	4	0.181818182	1
6	0.162162162	4	0.108108108	1
4	0.235294118	4	0.235294118	1
5	0.333333333	2	0.133333333	1
4	0.235294118	3	0.176470588	1
20	0.540540541	17	0.459459459	1
8	0.275862069	7	0.24137931	1
12	0.324324324	10	0.27027027	1
14	0.538461538	14	0.538461538	1
4	0.153846154	2	0.076923077	1
1	0.018181818	1	0.018181818	1
8	0.5	5	0.3125	1
15	0.625	3	0.125	1
7	0.368421053	7	0.368421053	1
16	0.533333333	13	0.433333333	1
9	0.9	7	0.7	1
14	0.933333333	12	0.8	1
12	0.666666667	9	0.5	1
5	0.142857143	4	0.114285714	1
3	0.136363636	1	0.045454545	1
15	0.652173913	10	0.434782609	1
12	1	11	0.916666667	1
14	0.35	10	0.25	1
7	0.132075472	2	0.037735849	1
9	0.818181818	1	0.090909091	1
19	0.59375	8	0.25	1
10	0.294117647	4	0.117647059	1
5	0.3125	3	0.1875	1
27	0.465517241	21	0.362068966	1
6	0.222222222	6	0.222222222	1
8	0.266666667	5	0.166666667	1
2	0.125	0	0	1
21	0.677419355	16	0.516129032	1
15	0.681818182	14	0.636363636	1
12	0.631578947	11	0.578947368	1
16	0.666666667	8	0.333333333	1
11	0.44	8	0.32	1
7	0.205882353	1	0.029411765	1
5	0.192307692	4	0.153846154	1
7	0.24137931	7	0.24137931	1
15	0.6	13	0.52	1
8	0.615384615	7	0.538461538	1
10	0.5	9	0.45	1
11	0.578947368	8	0.421052632	1
17	0.548387097	13	0.419354839	1
5	0.208333333	4	0.166666667	1
9	0.243243243	7	0.189189189	1
6	0.206896552	4	0.137931034	1
11	0.180327869	7	0.114754098	1
3	0.090909091	3	0.090909091	1
10	0.5	7	0.35	1
16	0.727272727	13	0.590909091	1
14	0.583333333	8	0.333333333	1
13	0.928571429	9	0.642857143	1
3	0.142857143	3	0.142857143	1
8	0.421052632	4	0.210526316	1
19	0.612903226	14	0.451612903	1
9	0.6	2	0.133333333	1
16	0.842105263	11	0.578947368	1
12	0.545454545	11	0.5	1
11	0.44	7	0.28	1
13	0.8125	8	0.5	1
11	0.379310345	9	0.310344828	1
1	0.019607843	0	0	1
3	0.1875	0	0	1
13	0.866666667	10	0.666666667	1
22	0.6875	9	0.28125	1
13	0.619047619	12	0.571428571	1
9	0.28125	5	0.15625	1
20	0.8	17	0.68	1
8	0.8	8	0.8	1
11	0.733333333	5	0.333333333	1
16	0.695652174	8	0.347826087	1
4	0.210526316	1	0.052631579	1
11	0.323529412	3	0.088235294	1
14	1	12	0.857142857	1
10	0.4	2	0.08	1
8	0.470588235	5	0.294117647	1
10	0.434782609	3	0.130434783	1
38	0.863636364	32	0.727272727	1
9	0.36	6	0.24	1
9	0.346153846	6	0.230769231	1
9	0.75	5	0.416666667	1
19	0.441860465	6	0.139534884	1
4	0.114285714	2	0.057142857	1
17	0.708333333	4	0.166666667	1
5	0.25	3	0.15	1
6	0.315789474	3	0.157894737	1
15	0.454545455	10	0.303030303	1
12	0.461538462	9	0.346153846	1
30	0.697674419	7	0.162790698	1
16	0.727272727	12	0.545454545	1
17	0.708333333	7	0.291666667	1
11	0.20754717	3	0.056603774	1
14	0.608695652	11	0.47826087	1
15	0.789473684	12	0.631578947	1
24	0.648648649	19	0.513513514	1
8	0.150943396	4	0.075471698	1
6	0.113207547	2	0.037735849	1
3	0.081081081	2	0.054054054	1
3	0.09375	3	0.09375	1
8	0.150943396	2	0.037735849	1
18	0.947368421	16	0.842105263	1
10	0.384615385	10	0.384615385	1
7	0.24137931	5	0.172413793	1
9	0.155172414	5	0.086206897	1
4	0.173913043	3	0.130434783	1
12	0.8	9	0.6	1
10	0.243902439	9	0.219512195	1
6	0.3	3	0.15	1
13	0.52	6	0.24	1
14	0.823529412	11	0.647058824	1
5	0.135135135	3	0.081081081	1
13	0.8125	3	0.1875	1
11	0.297297297	8	0.216216216	1
9	0.2	6	0.133333333	1
4	0.173913043	4	0.173913043	1
5	0.263157895	5	0.263157895	1
10	0.714285714	8	0.571428571	1
24	0.533333333	20	0.444444444	1
2	0.057142857	0	0	1
22	0.594594595	18	0.486486486	1
15	0.348837209	6	0.139534884	1
13	0.684210526	10	0.526315789	1
12	0.352941176	5	0.147058824	1
22	0.814814815	20	0.740740741	1
15	0.6	4	0.16	1
11	0.55	7	0.35	1
8	0.235294118	5	0.147058824	1
3	0.088235294	2	0.058823529	1
7	0.28	5	0.2	1
2	0.105263158	1	0.052631579	1
13	0.433333333	10	0.333333333	1
15	0.375	11	0.275	1
13	0.764705882	11	0.647058824	1
13	0.40625	7	0.21875	1
9	0.346153846	4	0.153846154	1
7	0.155555556	5	0.111111111	1
14	0.311111111	13	0.288888889	1
6	0.109090909	2	0.036363636	1
14	0.56	9	0.36	1
14	0.636363636	11	0.5	1
9	0.5	9	0.5	1
7	0.137254902	1	0.019607843	1
10	0.476190476	8	0.380952381	1
21	0.7	16	0.533333333	1
8	0.32	5	0.2	1
5	0.263157895	2	0.105263158	1
2	0.090909091	0	0	1
13	0.288888889	9	0.2	1
5	0.11627907	1	0.023255814	1
10	0.909090909	4	0.363636364	1
7	1	4	0.571428571	1
5	0.294117647	1	0.058823529	1
14	0.4	10	0.285714286	1
18	0.4	14	0.311111111	1
3	0.130434783	3	0.130434783	1
16	0.64	7	0.28	1
6	0.098360656	4	0.06557377	1
15	0.333333333	11	0.244444444	1
9	0.5	2	0.111111111	1
10	0.555555556	9	0.5	1
13	0.684210526	9	0.473684211	1
13	0.866666667	11	0.733333333	1
5	0.217391304	0	0	1
3	0.130434783	1	0.043478261	1
14	0.378378378	11	0.297297297	1
5	0.217391304	1	0.043478261	1
8	0.533333333	3	0.2	1
26	0.179310345	8	0.055172414	1
8	0.2	6	0.15	1
14	0.933333333	9	0.6	1
19	0.730769231	15	0.576923077	1
17	0.5	6	0.176470588	1
3	0.075	2	0.05	1
14	0.318181818	10	0.227272727	1
15	0.652173913	14	0.608695652	1
16	0.64	5	0.2	1
11	0.611111111	2	0.111111111	1
22	0.88	18	0.72	1
20	0.8	9	0.36	1
14	0.777777778	12	0.666666667	1
12	0.206896552	8	0.137931034	1
5	0.217391304	3	0.130434783	1
6	0.75	0	0	1
10	0.163934426	8	0.131147541	1
22	0.88	9	0.36	1
20	0.666666667	14	0.466666667	1
19	0.633333333	14	0.466666667	1
11	1	9	0.818181818	1
20	0.625	8	0.25	1
8	0.32	6	0.24	1
17	0.772727273	16	0.727272727	1
11	0.255813953	5	0.11627907	1
12	0.315789474	1	0.026315789	1
18	0.580645161	13	0.419354839	1
11	0.733333333	0	0	1
11	0.34375	5	0.15625	1
8	0.347826087	6	0.260869565	1
12	0.52173913	11	0.47826087	1
11	0.578947368	10	0.526315789	1
8	0.307692308	6	0.230769231	1
1	0.029411765	0	0	1
13	0.448275862	11	0.379310345	1
17	0.739130435	8	0.347826087	1
10	0.416666667	8	0.333333333	1
21	0.636363636	17	0.515151515	1
15	0.5	10	0.333333333	1
8	0.25	4	0.125	1
18	0.418604651	7	0.162790698	1
10	0.196078431	2	0.039215686	1
8	1	7	0.875	1
9	0.375	8	0.333333333	1
9	0.346153846	7	0.269230769	1
10	0.666666667	0	0	1
6	0.117647059	2	0.039215686	1
17	0.395348837	7	0.162790698	1
18	0.75	14	0.583333333	1
10	0.714285714	10	0.714285714	1
8	0.615384615	3	0.230769231	1
3	0.09375	1	0.03125	1
12	0.352941176	6	0.176470588	1
1	0.016393443	1	0.016393443	1
10	0.23255814	4	0.093023256	1
22	0.511627907	7	0.162790698	1
8	0.4	5	0.25	1
18	0.782608696	8	0.347826087	1
16	0.666666667	9	0.375	1
21	0.636363636	16	0.484848485	1
17	0.485714286	11	0.314285714	1
6	0.176470588	3	0.088235294	1
8	0.333333333	3	0.125	1
11	0.323529412	6	0.176470588	1
7	0.205882353	4	0.117647059	1
14	0.325581395	4	0.093023256	1
13	0.565217391	7	0.304347826	1
9	0.264705882	4	0.117647059	1
14	0.583333333	4	0.166666667	1
13	0.419354839	8	0.258064516	1
8	0.571428571	8	0.571428571	1
19	0.31147541	16	0.262295082	1
9	0.3	7	0.233333333	1
10	0.526315789	4	0.210526316	1
12	0.705882353	10	0.588235294	1
14	0.777777778	10	0.555555556	1
4	0.114285714	3	0.085714286	1
14	0.666666667	13	0.619047619	1
11	0.44	6	0.24	1
7	0.4375	7	0.4375	1
13	0.541666667	5	0.208333333	1
15	1	13	0.866666667	1
16	0.470588235	6	0.176470588	1
8	0.363636364	6	0.272727273	1
7	0.35	4	0.2	1
6	0.171428571	4	0.114285714	1
13	0.288888889	10	0.222222222	1
2	0.083333333	2	0.083333333	1
2	0.086956522	1	0.043478261	1
30	0.517241379	23	0.396551724	1
4	0.222222222	3	0.166666667	1
18	0.72	14	0.56	1
9	0.642857143	7	0.5	1
7	0.333333333	6	0.285714286	1
19	0.558823529	8	0.235294118	1
9	0.36	2	0.08	1
11	0.366666667	9	0.3	1
9	0.257142857	6	0.171428571	1
9	0.5625	2	0.125	1
8	0.235294118	4	0.117647059	1
7	0.538461538	2	0.153846154	1
7	0.28	3	0.12	1
15	0.882352941	13	0.764705882	1
4	0.133333333	3	0.1	1
7	0.21875	3	0.09375	1
20	0.625	9	0.28125	1
8	0.571428571	6	0.428571429	1
13	0.288888889	11	0.244444444	1
7	0.28	1	0.04	1
10	0.384615385	6	0.230769231	1
10	0.4	9	0.36	1
18	0.72	15	0.6	1
21	0.617647059	8	0.235294118	1
5	0.142857143	3	0.085714286	1
2	0.052631579	0	0	1
19	0.791666667	15	0.625	1
8	0.296296296	8	0.296296296	1
11	0.458333333	2	0.083333333	1
3	0.090909091	2	0.060606061	1
10	0.303030303	8	0.242424242	1
8	0.363636364	8	0.363636364	1
10	0.294117647	3	0.088235294	1
11	0.6875	9	0.5625	1
13	0.866666667	12	0.8	1
13	0.419354839	10	0.322580645	1
9	0.692307692	7	0.538461538	1
25	0.581395349	8	0.186046512	1
12	0.48	10	0.4	1
1	0.027027027	1	0.027027027	1
10	0.27027027	8	0.216216216	1
10	0.476190476	6	0.285714286	1
9	0.36	8	0.32	1
3	0.068181818	3	0.068181818	0
12	0.315789474	8	0.210526316	0
10	0.263157895	2	0.052631579	0
11	0.150684932	6	0.082191781	0
13	0.433333333	6	0.2	0
13	0.65	7	0.35	0
14	0.254545455	5	0.090909091	0
6	0.2	6	0.2	0
20	0.137931034	11	0.075862069	0
6	0.162162162	1	0.027027027	0
3	0.103448276	0	0	0
25	0.409836066	9	0.147540984	0
10	0.333333333	4	0.133333333	0
14	0.24137931	5	0.086206897	0
6	0.24	6	0.24	0
12	0.571428571	8	0.380952381	0
9	0.3	2	0.066666667	0
8	0.055172414	5	0.034482759	0
10	0.227272727	4	0.090909091	0
7	0.259259259	1	0.037037037	0
12	0.413793103	6	0.206896552	0
12	0.082758621	5	0.034482759	0
13	0.590909091	7	0.318181818	0
3	0.142857143	1	0.047619048	0
9	0.529411765	5	0.294117647	0
3	0.020689655	3	0.020689655	0
9	0.169811321	3	0.056603774	0
18	0.6	10	0.333333333	0
10	0.322580645	7	0.225806452	0
6	0.666666667	0	0	0
11	0.423076923	3	0.115384615	0
10	0.27027027	3	0.081081081	0
8	0.4	4	0.2	0
16	0.533333333	7	0.233333333	0
29	0.2	19	0.131034483	0
7	0.114754098	3	0.049180328	0
10	0.25	1	0.025	0
17	0.117241379	8	0.055172414	0
14	0.274509804	9	0.176470588	0
12	0.444444444	6	0.222222222	0
3	0.058823529	0	0	0
17	0.232876712	7	0.095890411	0
6	0.222222222	3	0.111111111	0
6	0.139534884	4	0.093023256	0
5	1	0	0	0
1	0.022727273	0	0	0
13	0.5	5	0.192307692	0
7	0.048275862	0	0	0
8	0.8	3	0.3	0
7	0.189189189	2	0.054054054	0
10	0.196078431	5	0.098039216	0
11	0.20754717	4	0.075471698	0
13	0.619047619	9	0.428571429	0
5	0.192307692	5	0.192307692	0
7	0.048275862	4	0.027586207	0
15	0.454545455	9	0.272727273	0
4	0.142857143	2	0.071428571	0
6	0.272727273	2	0.090909091	0
8	0.421052632	3	0.157894737	0
19	0.131034483	12	0.082758621	0
5	1	1	0.2	0
6	0.109090909	4	0.072727273	0
6	0.103448276	6	0.103448276	0
13	0.089655172	6	0.04137931	0
11	0.180327869	6	0.098360656	0
23	0.15862069	9	0.062068966	0
8	0.145454545	5	0.090909091	0
7	0.137254902	4	0.078431373	0
9	0.264705882	7	0.205882353	0
32	0.220689655	17	0.117241379	0
11	0.150684932	7	0.095890411	0
11	0.333333333	7	0.212121212	0
12	0.315789474	2	0.052631579	0
7	0.333333333	2	0.095238095	0
17	0.117241379	10	0.068965517	0
10	0.322580645	3	0.096774194	0
10	0.476190476	2	0.095238095	0
6	0.162162162	2	0.054054054	0
4	0.054794521	1	0.01369863	0
10	0.303030303	4	0.121212121	0
14	0.318181818	6	0.136363636	0
10	0.5	5	0.25	0
15	0.245901639	6	0.098360656	0
9	0.428571429	4	0.19047619	0
4	0.148148148	2	0.074074074	0
7	0.777777778	0	0	0
14	0.368421053	5	0.131578947	0
6	0.222222222	0	0	0
6	0.2	3	0.1	0
9	0.45	7	0.35	0
7	0.189189189	1	0.027027027	0
5	0.135135135	0	0	0
4	0.06557377	4	0.06557377	0
6	0.082191781	0	0	0
6	0.193548387	3	0.096774194	0
5	0.12195122	5	0.12195122	0
1	0.016393443	0	0	0
64	0.44137931	33	0.227586207	0
9	0.346153846	3	0.115384615	0
17	0.548387097	10	0.322580645	0
9	0.225	3	0.075	0
2	0.013793103	1	0.006896552	0
2	0.111111111	0	0	0
28	0.193103448	13	0.089655172	0
9	0.225	4	0.1	0
12	0.461538462	3	0.115384615	0
9	0.209302326	8	0.186046512	0
5	0.086206897	4	0.068965517	0
16	0.219178082	8	0.109589041	0
12	0.6	2	0.1	0
12	0.428571429	5	0.178571429	0
12	0.164383562	5	0.068493151	0
12	0.6	7	0.35	0
7	0.24137931	3	0.103448276	0
11	0.2	3	0.054545455	0
24	0.470588235	13	0.254901961	0
7	0.189189189	4	0.108108108	0
8	0.216216216	1	0.027027027	0
8	0.4	2	0.1	0
10	0.37037037	5	0.185185185	0
11	0.20754717	5	0.094339623	0
6	0.176470588	6	0.176470588	0
4	0.25	1	0.0625	0
2	0.064516129	2	0.064516129	0
2	0.105263158	0	0	0
23	0.315068493	11	0.150684932	0
6	0.139534884	1	0.023255814	0
12	0.226415094	5	0.094339623	0
4	0.075471698	4	0.075471698	0
11	0.297297297	3	0.081081081	0
1	0.006896552	1	0.006896552	0
9	0.28125	2	0.0625	0
1	0.017241379	0	0	0
13	0.213114754	5	0.081967213	0
5	0.161290323	2	0.064516129	0
10	0.294117647	7	0.205882353	0
11	0.611111111	8	0.444444444	0
25	0.172413793	16	0.110344828	0
15	0.205479452	6	0.082191781	0
6	0.146341463	0	0	0
8	0.210526316	5	0.131578947	0
11	0.25	3	0.068181818	0
2	0.02739726	2	0.02739726	0
15	0.283018868	9	0.169811321	0
13	0.178082192	7	0.095890411	0
10	0.303030303	6	0.181818182	0
16	0.110344828	11	0.075862069	0
9	0.176470588	6	0.117647059	0
6	0.230769231	1	0.038461538	0
11	0.733333333	4	0.266666667	0
9	0.5625	3	0.1875	0
32	0.220689655	18	0.124137931	0
11	0.333333333	3	0.090909091	0
4	0.068965517	3	0.051724138	0
10	0.5	4	0.2	0
14	0.254545455	6	0.109090909	0
7	0.368421053	1	0.052631579	0
13	0.254901961	2	0.039215686	0
6	0.171428571	5	0.142857143	0
9	0.272727273	3	0.090909091	0
8	0.195121951	0	0	0
8	0.055172414	1	0.006896552	0
3	0.068181818	2	0.045454545	0
8	0.285714286	3	0.107142857	0
12	0.52173913	8	0.347826087	0
73	0.503448276	34	0.234482759	0
6	0.113207547	5	0.094339623	0
5	0.11627907	4	0.093023256	0
10	0.303030303	3	0.090909091	0
13	0.224137931	4	0.068965517	0
17	0.485714286	7	0.2	0
21	0.362068966	10	0.172413793	0
7	0.25	5	0.178571429	0
8	0.145454545	6	0.109090909	0
9	0.243243243	4	0.108108108	0
8	0.156862745	3	0.058823529	0
26	0.179310345	13	0.089655172	0
4	0.068965517	1	0.017241379	0
12	0.279069767	7	0.162790698	0
9	0.290322581	6	0.193548387	0
10	0.344827586	5	0.172413793	0
9	0.257142857	1	0.028571429	0
9	0.163636364	3	0.054545455	0
2	0.095238095	1	0.047619048	0
7	0.114754098	0	0	0
6	0.113207547	0	0	0
9	0.147540984	2	0.032786885	0
9	0.225	2	0.05	0
6	0.133333333	4	0.088888889	0
8	0.137931034	3	0.051724138	0
9	0.243243243	5	0.135135135	0
15	0.103448276	4	0.027586207	0
5	0.238095238	2	0.095238095	0
8	0.296296296	2	0.074074074	0
15	0.6	7	0.28	0
5	0.034482759	5	0.034482759	0
8	0.145454545	4	0.072727273	0
10	0.243902439	2	0.048780488	0
13	0.371428571	6	0.171428571	0
3	0.1	1	0.033333333	0
17	0.232876712	4	0.054794521	0
6	0.146341463	2	0.048780488	0
12	0.363636364	7	0.212121212	0
1	0.022727273	1	0.022727273	0
14	0.229508197	5	0.081967213	0
12	0.428571429	6	0.214285714	0
8	0.380952381	8	0.380952381	0
4	0.088888889	2	0.044444444	0
5	0.161290323	4	0.129032258	0
9	0.204545455	3	0.068181818	0
21	0.144827586	13	0.089655172	0
7	0.233333333	6	0.2	0
2	0.032786885	1	0.016393443	0
8	0.156862745	4	0.078431373	0
8	0.235294118	1	0.029411765	0
7	0.159090909	6	0.136363636	0
8	0.242424242	5	0.151515152	0
12	0.387096774	6	0.193548387	0
21	0.381818182	7	0.127272727	0
14	0.274509804	5	0.098039216	0
6	0.1875	2	0.0625	0
8	0.109589041	3	0.04109589	0
10	0.454545455	4	0.181818182	0
11	0.075862069	7	0.048275862	0
7	0.137254902	5	0.098039216	0
28	0.383561644	19	0.260273973	0
3	0.1	0	0	0
6	0.206896552	3	0.103448276	0
8	0.258064516	4	0.129032258	0
3	0.107142857	2	0.071428571	0
6	0.098360656	3	0.049180328	0
9	0.692307692	3	0.230769231	0
2	0.039215686	2	0.039215686	0
7	0.162790698	5	0.11627907	0
17	0.425	9	0.225	0
4	0.108108108	3	0.081081081	0
15	0.340909091	6	0.136363636	0
9	0.204545455	1	0.022727273	0
10	0.227272727	5	0.113636364	0
9	0.236842105	5	0.131578947	0
6	0.206896552	0	0	0
10	0.344827586	4	0.137931034	0
25	0.172413793	12	0.082758621	0
3	0.054545455	1	0.018181818	0
1	0.034482759	0	0	0
9	0.529411765	7	0.411764706	0
7	0.5	3	0.214285714	0
9	0.272727273	2	0.060606061	0
12	0.444444444	4	0.148148148	0
15	0.405405405	7	0.189189189	0
8	0.258064516	2	0.064516129	0
7	0.137254902	3	0.058823529	0
3	0.136363636	0	0	0
13	0.351351351	10	0.27027027	0
6	0.375	1	0.0625	0
7	0.048275862	3	0.020689655	0
18	0.409090909	4	0.090909091	0
12	0.272727273	7	0.159090909	0
15	0.25862069	5	0.086206897	0
8	0.109589041	7	0.095890411	0
7	0.212121212	0	0	0
16	0.219178082	7	0.095890411	0
31	0.213793103	14	0.096551724	0
4	0.054794521	2	0.02739726	0
13	0.590909091	5	0.227272727	0
11	0.366666667	5	0.166666667	0
4	0.222222222	0	0	0
5	0.11627907	2	0.046511628	0
19	0.260273973	9	0.123287671	0
6	0.375	0	0	0
10	0.172413793	3	0.051724138	0
14	0.4375	2	0.0625	0
6	0.176470588	0	0	0
13	0.288888889	2	0.044444444	0
14	0.311111111	6	0.133333333	0
12	0.164383562	4	0.054794521	0
5	0.178571429	4	0.142857143	0
7	0.388888889	0	0	0
9	0.236842105	2	0.052631579	0
6	0.082191781	2	0.02739726	0
12	0.292682927	7	0.170731707	0
13	0.213114754	3	0.049180328	0
12	0.226415094	8	0.150943396	0
8	0.25	1	0.03125	0
13	0.541666667	9	0.375	0
6	0.157894737	0	0	0
14	0.466666667	3	0.1	0
9	0.147540984	3	0.049180328	0
20	0.137931034	8	0.055172414	0
13	0.5	8	0.307692308	0
16	0.219178082	11	0.150684932	0
4	0.105263158	4	0.105263158	0
13	0.178082192	5	0.068493151	0
9	0.169811321	5	0.094339623	0
11	0.55	4	0.2	0
5	0.625	0	0	0
18	0.295081967	8	0.131147541	0
8	0.210526316	3	0.078947368	0
7	0.159090909	7	0.159090909	0
10	0.172413793	5	0.086206897	0
11	0.523809524	5	0.238095238	0
11	0.314285714	5	0.142857143	0
5	0.111111111	1	0.022222222	0
5	0.192307692	1	0.038461538	0
7	0.35	1	0.05	0
7	0.184210526	2	0.052631579	0
8	0.615384615	4	0.307692308	0
6	0.181818182	3	0.090909091	0
7	0.2	0	0	0
14	0.368421053	7	0.184210526	0
9	0.3	1	0.033333333	0
17	0.232876712	1	0.01369863	0
6	0.315789474	1	0.052631579	0
8	0.156862745	5	0.098039216	0
7	0.175	0	0	0
6	0.136363636	5	0.113636364	0
8	0.266666667	4	0.133333333	0
9	0.409090909	7	0.318181818	0
9	0.169811321	7	0.132075472	0
21	0.477272727	9	0.204545455	0
16	0.615384615	12	0.461538462	0
11	0.366666667	6	0.2	0
37	0.255172414	16	0.110344828	0
7	0.170731707	0	0	0
12	0.196721311	8	0.131147541	0
11	0.180327869	4	0.06557377	0
15	0.483870968	12	0.387096774	0
10	0.322580645	1	0.032258065	0
4	0.121212121	1	0.03030303	0
13	0.325	4	0.1	0
12	0.387096774	5	0.161290323	0
9	0.529411765	3	0.176470588	0
12	0.375	4	0.125	0
8	0.363636364	4	0.181818182	0
14	0.341463415	5	0.12195122	0
3	0.107142857	1	0.035714286	0
11	0.215686275	5	0.098039216	0
12	0.235294118	7	0.137254902	0
16	0.64	8	0.32	0
5	0.098039216	3	0.058823529	0
7	0.368421053	2	0.105263158	0
1	0.035714286	1	0.035714286	0
14	0.636363636	8	0.363636364	0
12	0.3	7	0.175	0
7	0.114754098	2	0.032786885	0
15	0.517241379	10	0.344827586	0
13	0.65	6	0.3	0
9	0.3	8	0.266666667	0
21	0.287671233	7	0.095890411	0
8	0.258064516	1	0.032258065	0
17	0.278688525	9	0.147540984	0
5	0.068493151	1	0.01369863	0
13	0.351351351	6	0.162162162	0
6	0.214285714	4	0.142857143	0
17	0.117241379	12	0.082758621	0
9	0.123287671	4	0.054794521	0
17	0.566666667	10	0.333333333	0
8	0.216216216	4	0.108108108	0
12	0.342857143	2	0.057142857	0
43	0.296551724	18	0.124137931	0
5	0.068493151	2	0.02739726	0
24	0.165517241	13	0.089655172	0
1	0.026315789	1	0.026315789	0
4	0.1	4	0.1	0
17	0.232876712	5	0.068493151	0
2	0.060606061	0	0	0
8	0.195121951	3	0.073170732	0
7	0.162790698	4	0.093023256	0
23	0.15862069	7	0.048275862	0
10	0.454545455	2	0.090909091	0
23	0.15862069	10	0.068965517	0
5	0.113636364	3	0.068181818	0
18	0.295081967	11	0.180327869	0
16	0.110344828	7	0.048275862	0
3	0.056603774	3	0.056603774	0
4	0.166666667	4	0.166666667	0
11	0.150684932	3	0.04109589	0
11	0.180327869	5	0.081967213	0
8	0.186046512	7	0.162790698	0
2	0.034482759	0	0	0
11	0.6875	6	0.375	0
5	0.277777778	1	0.055555556	0
8	0.145454545	1	0.018181818	0
6	0.230769231	2	0.076923077	0
16	0.4	6	0.15	0
9	0.155172414	4	0.068965517	0
9	0.209302326	2	0.046511628	0
7	0.233333333	2	0.066666667	0
12	0.235294118	6	0.117647059	0
39	0.268965517	16	0.110344828	0
18	0.310344828	7	0.120689655	0
5	0.094339623	0	0	0
10	0.555555556	8	0.444444444	0
4	0.068965517	0	0	0
16	0.484848485	6	0.181818182	0
11	0.075862069	6	0.04137931	0
19	0.441860465	7	0.162790698	0
24	0.165517241	8	0.055172414	0
8	0.470588235	8	0.470588235	0
7	0.388888889	4	0.222222222	0
14	0.368421053	9	0.236842105	0
6	0.222222222	2	0.074074074	0
16	0.110344828	6	0.04137931	0
9	0.176470588	3	0.058823529	0
5	0.3125	0	0	0
15	0.103448276	5	0.034482759	0
10	0.285714286	7	0.2	0
9	0.310344828	3	0.103448276	0
11	0.289473684	3	0.078947368	0
14	0.318181818	5	0.113636364	0
9	0.3	5	0.166666667	0
15	0.245901639	9	0.147540984	0
12	0.315789474	4	0.105263158	0
10	0.344827586	6	0.206896552	0
20	0.344827586	9	0.155172414	0
6	0.285714286	4	0.19047619	0
3	0.103448276	2	0.068965517	0
4	0.181818182	0	0	0
20	0.454545455	12	0.272727273	0
11	0.314285714	4	0.114285714	0
7	0.132075472	5	0.094339623	0
8	0.444444444	3	0.166666667	0
9	0.36	5	0.2	0
10	0.181818182	5	0.090909091	0
10	0.333333333	5	0.166666667	0
7	0.114754098	1	0.016393443	0
4	0.072727273	1	0.018181818	0
7	0.170731707	1	0.024390244	0
2	0.032786885	0	0	0
8	0.181818182	2	0.045454545	0
27	0.186206897	15	0.103448276	0
36	0.248275862	19	0.131034483	0
5	0.135135135	1	0.027027027	0
35	0.24137931	15	0.103448276	0
10	0.172413793	1	0.017241379	0
21	0.287671233	8	0.109589041	0
14	0.4375	8	0.25	0
10	0.227272727	1	0.022727273	0
9	0.236842105	4	0.105263158	0
15	0.294117647	7	0.137254902	0
7	0.137254902	2	0.039215686	0
16	0.363636364	10	0.227272727	0
17	0.278688525	6	0.098360656	0
10	0.588235294	5	0.294117647	0
2	0.046511628	0	0	0
30	0.206896552	17	0.117241379	0
20	0.377358491	12	0.226415094	0
4	0.027586207	1	0.006896552	0
5	0.178571429	1	0.035714286	0
3	0.054545455	0	0	0
7	0.120689655	1	0.017241379	0
21	0.144827586	8	0.055172414	0
5	0.12195122	4	0.097560976	0
13	0.236363636	8	0.145454545	0
15	0.340909091	7	0.159090909	0
1	0.019607843	1	0.019607843	0
19	0.131034483	5	0.034482759	0
6	0.082191781	4	0.054794521	0
19	0.327586207	8	0.137931034	0
9	0.163636364	4	0.072727273	0
13	0.351351351	7	0.189189189	0
9	0.6	4	0.266666667	0
16	0.516129032	10	0.322580645	0
14	0.191780822	9	0.123287671	0
19	0.345454545	5	0.090909091	0
15	0.205479452	9	0.123287671	0
13	0.448275862	5	0.172413793	0
11	0.333333333	4	0.121212121	0
40	0.275862069	20	0.137931034	0
11	0.5	4	0.181818182	0
10	0.263157895	7	0.184210526	0
5	0.15625	5	0.15625	0
15	0.454545455	8	0.242424242	0
15	0.517241379	8	0.275862069	0
4	0.142857143	1	0.035714286	0
10	0.27027027	1	0.027027027	0
5	0.113636364	5	0.113636364	0
10	0.294117647	2	0.058823529	0
21	0.144827586	10	0.068965517	0
16	0.533333333	6	0.2	0
6	0.15	3	0.075	0
10	0.068965517	4	0.027586207	0
9	0.473684211	1	0.052631579	0
16	0.110344828	8	0.055172414	0
9	0.147540984	4	0.06557377	0
7	0.233333333	1	0.033333333	0
10	0.172413793	6	0.103448276	0
4	0.148148148	1	0.037037037	0
12	0.266666667	2	0.044444444	0
12	0.082758621	7	0.048275862	0
7	0.159090909	4	0.090909091	0
4	0.078431373	0	0	0
11	0.578947368	5	0.263157895	0
21	0.144827586	7	0.048275862	0
2	0.05	0	0	0
6	0.117647059	0	0	0
25	0.581395349	15	0.348837209	0
16	0.290909091	7	0.127272727	0
12	0.218181818	9	0.163636364	0
5	0.131578947	0	0	0
4	0.125	0	0	0
7	0.7	2	0.2	0
13	0.245283019	5	0.094339623	0
34	0.465753425	17	0.232876712	0
4	0.108108108	1	0.027027027	0
8	0.181818182	0	0	0
7	0.225806452	0	0	0
10	0.196078431	0	0	0
2	0.052631579	2	0.052631579	0
6	0.181818182	2	0.060606061	0
8	0.242424242	1	0.03030303	0
9	0.6	3	0.2	0
8	0.055172414	3	0.020689655	0
11	0.189655172	4	0.068965517	0
14	0.411764706	9	0.264705882	0
3	0.04109589	1	0.01369863	0
3	0.020689655	1	0.006896552	0
8	0.145454545	3	0.054545455	0
4	0.097560976	4	0.097560976	0
4	0.222222222	1	0.055555556	0
29	0.2	13	0.089655172	0
2	0.036363636	1	0.018181818	0
10	0.163934426	4	0.06557377	0
13	0.254901961	8	0.156862745	0
9	0.321428571	8	0.285714286	0
9	0.236842105	1	0.026315789	0
5	0.034482759	4	0.027586207	0
2	0.045454545	1	0.022727273	0
6	0.272727273	1	0.045454545	0
16	0.457142857	8	0.228571429	0
16	0.592592593	9	0.333333333	0
49	0.337931034	29	0.2	0
2	0.066666667	0	0	0
7	0.095890411	3	0.04109589	0
12	0.272727273	3	0.068181818	0
20	0.526315789	11	0.289473684	0
10	0.23255814	7	0.162790698	0
4	0.093023256	3	0.069767442	0
2	0.095238095	0	0	0
6	0.117647059	4	0.078431373	0
5	0.147058824	0	0	0
14	0.096551724	9	0.062068966	0
7	0.132075472	1	0.018867925	0
9	0.391304348	3	0.130434783	0
15	0.245901639	10	0.163934426	0
7	0.875	1	0.125	0
43	0.296551724	11	0.075862069	0
4	0.142857143	0	0	0
21	0.567567568	10	0.27027027	0
13	0.178082192	6	0.082191781	0
11	0.244444444	1	0.022222222	0
11	0.189655172	5	0.086206897	0
9	0.169811321	4	0.075471698	0
6	0.206896552	1	0.034482759	0
5	0.034482759	2	0.013793103	0
15	0.103448276	11	0.075862069	0
7	0.170731707	3	0.073170732	0
10	0.27027027	7	0.189189189	0
5	0.25	1	0.05	0
15	0.365853659	3	0.073170732	0
3	0.058823529	3	0.058823529	0
11	0.244444444	3	0.066666667	0
10	0.243902439	3	0.073170732	0
10	0.068965517	5	0.034482759	0
2	0.02739726	1	0.01369863	0
21	0.396226415	10	0.188679245	0
15	0.272727273	7	0.127272727	0
2	0.057142857	2	0.057142857	0
10	0.384615385	1	0.038461538	0
9	0.391304348	4	0.173913043	0
2	0.071428571	1	0.035714286	0
4	0.105263158	3	0.078947368	0
20	0.273972603	8	0.109589041	0
33	0.452054795	15	0.205479452	0
5	0.227272727	0	0	0
3	0.081081081	1	0.027027027	0
18	0.418604651	9	0.209302326	0
3	0.069767442	1	0.023255814	0
9	0.45	1	0.05	0
3	0.066666667	1	0.022222222	0
10	0.196078431	4	0.078431373	0
4	0.068965517	2	0.034482759	0
13	0.325	6	0.15	0
12	0.324324324	5	0.135135135	0
15	0.25862069	6	0.103448276	0
4	0.1	3	0.075	0
9	0.2	2	0.044444444	0
1	0.024390244	0	0	0
8	0.195121951	4	0.097560976	0
12	0.363636364	3	0.090909091	0
4	0.129032258	4	0.129032258	0
3	0.157894737	0	0	0
10	0.227272727	3	0.068181818	0
6	0.15	6	0.15	0
10	0.188679245	6	0.113207547	0
9	0.209302326	5	0.11627907	0
5	0.151515152	0	0	0
5	0.068493151	5	0.068493151	0
7	0.388888889	2	0.111111111	0
9	0.5	4	0.222222222	0
4	0.142857143	4	0.142857143	0
5	0.166666667	1	0.033333333	0
7	0.259259259	2	0.074074074	0
11	0.150684932	8	0.109589041	0
6	0.181818182	0	0	0
13	0.52	8	0.32	0
5	0.208333333	5	0.208333333	0
6	0.6	0	0	0
7	0.155555556	1	0.022222222	0
7	0.875	2	0.25	0
8	0.195121951	2	0.048780488	0
24	0.165517241	11	0.075862069	0
7	0.368421053	0	0	0
12	0.218181818	7	0.127272727	0
10	0.5	1	0.05	0
16	0.4	9	0.225	0
2	0.08	2	0.08	0
8	0.145454545	2	0.036363636	0
11	0.314285714	8	0.228571429	0
6	0.285714286	1	0.047619048	0
4	0.054794521	3	0.04109589	0
4	0.090909091	1	0.022727273	0
5	0.178571429	3	0.107142857	0
10	0.27027027	5	0.135135135	0
7	0.175	3	0.075	0
42	0.289655172	22	0.151724138	0
3	0.103448276	1	0.034482759	0
11	0.35483871	7	0.225806452	0
12	0.235294118	8	0.156862745	0
7	0.120689655	4	0.068965517	0
13	0.254901961	4	0.078431373	0
6	0.136363636	4	0.090909091	0
10	0.526315789	6	0.315789474	0
8	0.275862069	3	0.103448276	0
4	0.121212121	2	0.060606061	0
27	0.529411765	12	0.235294118	0
20	0.377358491	10	0.188679245	0
13	0.213114754	7	0.114754098	0
13	0.288888889	5	0.111111111	0
12	0.705882353	6	0.352941176	0
9	0.473684211	2	0.105263158	0
10	0.4	6	0.24	0
3	0.081081081	0	0	0
4	0.097560976	2	0.048780488	0
21	0.381818182	14	0.254545455	0
7	0.333333333	0	0	0
16	0.290909091	9	0.163636364	0
14	0.191780822	5	0.068493151	0
5	0.142857143	0	0	0
19	0.131034483	6	0.04137931	0
9	0.310344828	7	0.24137931	0
21	0.287671233	10	0.136986301	0
10	0.23255814	1	0.023255814	0
4	0.2	0	0	0
5	0.131578947	3	0.078947368	0
9	0.310344828	6	0.206896552	0
8	0.380952381	3	0.142857143	0
13	0.254901961	5	0.098039216	0
22	0.41509434	11	0.20754717	0
8	0.181818182	3	0.068181818	0
7	0.212121212	1	0.03030303	0
12	0.164383562	3	0.04109589	0
12	0.705882353	7	0.411764706	0
25	0.172413793	15	0.103448276	0
10	0.136986301	6	0.082191781	0
10	0.294117647	8	0.235294118	0
20	0.273972603	13	0.178082192	0
11	0.275	4	0.1	0
6	0.222222222	4	0.148148148	0
8	0.2	3	0.075	0
18	0.43902439	8	0.195121951	0
7	0.368421053	4	0.210526316	0
6	0.109090909	5	0.090909091	0
17	0.309090909	6	0.109090909	0
21	0.144827586	9	0.062068966	0
5	0.113636364	0	0	0
8	0.150943396	7	0.132075472	0
9	0.28125	4	0.125	0
24	0.165517241	9	0.062068966	0
6	0.098360656	1	0.016393443	0
12	0.218181818	4	0.072727273	0
10	0.322580645	5	0.161290323	0
9	0.209302326	4	0.093023256	0
2	0.034482759	1	0.017241379	0
2	0.076923077	0	0	0
5	0.263157895	0	0	0
20	0.327868852	11	0.180327869	0
9	0.236842105	3	0.078947368	0
3	0.056603774	0	0	0
11	0.392857143	4	0.142857143	0
8	0.615384615	2	0.153846154	0
5	0.086206897	5	0.086206897	0
8	0.109589041	6	0.082191781	0
7	0.269230769	0	0	0
3	0.068181818	0	0	0
14	0.229508197	7	0.114754098	0
6	0.260869565	5	0.217391304	0
9	0.209302326	3	0.069767442	0
4	0.129032258	0	0	0
18	0.124137931	8	0.055172414	0
8	0.380952381	4	0.19047619	0
8	0.2	5	0.125	0
8	0.615384615	5	0.384615385	0
2	0.046511628	2	0.046511628	0
4	0.078431373	4	0.078431373	0
10	0.357142857	4	0.142857143	0
12	0.196721311	1	0.016393443	0
17	0.278688525	10	0.163934426	0
5	0.161290323	0	0	0
6	0.162162162	3	0.081081081	0
6	0.193548387	2	0.064516129	0
6	0.260869565	0	0	0
16	0.110344828	10	0.068965517	0
5	0.277777778	4	0.222222222	0
3	0.088235294	3	0.088235294	0
34	0.234482759	17	0.117241379	0
11	0.379310345	4	0.137931034	0
8	0.275862069	5	0.172413793	0
10	0.222222222	0	0	0
15	0.405405405	11	0.297297297	0
5	0.090909091	1	0.018181818	0
31	0.213793103	15	0.103448276	0
14	0.325581395	10	0.23255814	0
7	0.318181818	1	0.045454545	0
6	0.15	1	0.025	0
4	0.19047619	2	0.095238095	0
12	0.218181818	6	0.109090909	0
8	0.109589041	5	0.068493151	0
4	0.097560976	1	0.024390244	0
8	0.266666667	2	0.066666667	0
19	0.131034483	11	0.075862069	0
9	0.290322581	5	0.161290323	0
16	0.372093023	11	0.255813953	0
13	0.419354839	6	0.193548387	0
40	0.275862069	16	0.110344828	0
8	0.156862745	1	0.019607843	0
8	0.8	2	0.2	0
2	0.037735849	0	0	0
11	0.289473684	4	0.105263158	0
7	0.259259259	3	0.111111111	0
10	0.434782609	7	0.304347826	0
26	0.179310345	11	0.075862069	0
12	0.266666667	5	0.111111111	0
13	0.224137931	10	0.172413793	0
14	0.24137931	3	0.051724138	0
3	0.075	0	0	0
10	0.344827586	1	0.034482759	0
16	0.301886792	11	0.20754717	0
5	0.15625	1	0.03125	0
17	0.515151515	2	0.060606061	0
11	0.47826087	3	0.130434783	0
8	0.444444444	7	0.388888889	0
10	0.526315789	3	0.157894737	0
11	0.611111111	4	0.222222222	0
3	0.142857143	0	0	0
9	0.428571429	6	0.285714286	0
37	0.506849315	16	0.219178082	0
5	0.12195122	3	0.073170732	0
5	0.125	1	0.025	0
10	0.163934426	3	0.049180328	0
5	0.161290323	1	0.032258065	0
10	0.5	3	0.15	0
10	0.27027027	6	0.162162162	0
10	0.227272727	2	0.045454545	0
10	0.136986301	2	0.02739726	0
23	0.15862069	14	0.096551724	0
8	0.131147541	5	0.081967213	0
12	0.3	5	0.125	0
5	0.147058824	5	0.147058824	0
1	0.025	0	0	0
76	0.524137931	45	0.310344828	0
13	0.288888889	6	0.133333333	0
14	0.5	7	0.25	0
15	0.454545455	7	0.212121212	0
17	0.566666667	6	0.2	0
9	0.473684211	3	0.157894737	0
3	0.069767442	2	0.046511628	0
8	0.181818182	1	0.022727273	0
8	0.444444444	5	0.277777778	0
6	0.103448276	2	0.034482759	0
17	0.293103448	6	0.103448276	0
37	0.255172414	22	0.151724138	0
14	0.24137931	6	0.103448276	0
4	0.121212121	0	0	0
5	0.034482759	3	0.020689655	0
16	0.262295082	6	0.098360656	0
4	0.114285714	1	0.028571429	0
12	0.196721311	5	0.081967213	0
13	0.295454545	5	0.113636364	0
3	0.176470588	1	0.058823529	0
11	0.35483871	6	0.193548387	0
42	0.289655172	21	0.144827586	0
10	0.172413793	4	0.068965517	0
5	0.135135135	4	0.108108108	0
14	0.538461538	7	0.269230769	0
12	0.352941176	8	0.235294118	0
12	0.279069767	6	0.139534884	0
10	0.243902439	4	0.097560976	0
9	0.45	4	0.2	0
44	0.303448276	18	0.124137931	0
11	0.075862069	9	0.062068966	0
6	0.214285714	3	0.107142857	0
8	0.571428571	3	0.214285714	0
10	0.196078431	7	0.137254902	0
9	0.321428571	2	0.071428571	0
9	0.219512195	6	0.146341463	0
5	0.147058824	3	0.088235294	0
2	0.048780488	2	0.048780488	0
8	0.421052632	5	0.263157895	0
12	0.315789474	3	0.078947368	0
8	0.296296296	6	0.222222222	0
5	0.098039216	4	0.078431373	0
3	0.073170732	0	0	0
9	0.225	6	0.15	0
4	0.19047619	1	0.047619048	0
12	0.206896552	5	0.086206897	0
7	0.368421053	3	0.157894737	0
13	0.089655172	7	0.048275862	0
8	0.242424242	2	0.060606061	0
9	0.290322581	3	0.096774194	0
2	0.0625	0	0	0
3	0.075	1	0.025	0
12	0.272727273	8	0.181818182	0
19	0.131034483	8	0.055172414	0
10	0.3125	3	0.09375	0
2	0.066666667	1	0.033333333	0
9	0.428571429	3	0.142857143	0
4	0.027586207	3	0.020689655	0
9	0.272727273	1	0.03030303	0
26	0.179310345	12	0.082758621	0
28	0.193103448	10	0.068965517	0
15	0.272727273	8	0.145454545	0
4	0.117647059	3	0.088235294	0
5	0.086206897	1	0.017241379	0
4	0.137931034	2	0.068965517	0
16	0.275862069	10	0.172413793	0
27	0.186206897	12	0.082758621	0
3	0.075	3	0.075	0
17	0.232876712	6	0.082191781	0
10	0.37037037	6	0.222222222	0
13	0.295454545	6	0.136363636	0
9	0.264705882	6	0.176470588	0
7	0.212121212	3	0.090909091	0
8	0.156862745	6	0.117647059	0
1	0.035714286	0	0	0
15	0.205479452	8	0.109589041	0
18	0.246575342	10	0.136986301	0
2	0.071428571	2	0.071428571	0
36	0.248275862	18	0.124137931	0
11	0.407407407	6	0.222222222	0
16	0.110344828	5	0.034482759	0
1	0.026315789	0	0	0
15	0.245901639	7	0.114754098	0
8	0.285714286	4	0.142857143	0
6	0.193548387	1	0.032258065	0
9	0.219512195	4	0.097560976	0
8	0.131147541	8	0.131147541	0
15	0.535714286	5	0.178571429	0
8	0.186046512	4	0.093023256	0
6	0.162162162	0	0	0
7	0.189189189	6	0.162162162	0
28	0.193103448	8	0.055172414	0
10	0.068965517	7	0.048275862	0
7	0.25	1	0.035714286	0
4	0.090909091	2	0.045454545	0
2	0.052631579	1	0.026315789	0
9	0.204545455	2	0.045454545	0
12	0.218181818	10	0.181818182	0
19	0.345454545	14	0.254545455	0
5	0.068493151	0	0	0
7	0.184210526	5	0.131578947	0
13	0.433333333	5	0.166666667	0
7	0.583333333	0	0	0
18	0.246575342	5	0.068493151	0
4	0.133333333	0	0	0
5	0.192307692	0	0	0
3	0.111111111	0	0	0
15	0.25862069	3	0.051724138	0
7	0.155555556	4	0.088888889	0
5	0.131578947	2	0.052631579	0
8	0.150943396	5	0.094339623	0
7	0.159090909	2	0.045454545	0
10	0.25	4	0.1	0
18	0.327272727	10	0.181818182	0
21	0.144827586	14	0.096551724	0
22	0.151724138	14	0.096551724	0
13	0.089655172	5	0.034482759	0
6	0.461538462	5	0.384615385	0
3	0.049180328	0	0	0
30	0.206896552	16	0.110344828	0
9	0.642857143	2	0.142857143	0
7	0.120689655	2	0.034482759	0
21	0.287671233	9	0.123287671	0
20	0.363636364	11	0.2	0
13	0.52	3	0.12	0
22	0.4	12	0.218181818	0
6	0.214285714	2	0.071428571	0
12	0.235294118	5	0.098039216	0
15	0.103448276	7	0.048275862	0
20	0.273972603	7	0.095890411	0
5	0.113636364	2	0.045454545	0
4	0.090909091	0	0	0
12	0.315789474	6	0.157894737	0
2	0.068965517	1	0.034482759	0
9	0.243243243	2	0.054054054	0
7	0.127272727	3	0.054545455	0
14	0.341463415	6	0.146341463	0
5	0.263157895	1	0.052631579	0
13	0.317073171	3	0.073170732	0
19	0.358490566	9	0.169811321	0
15	0.294117647	9	0.176470588	0
19	0.345454545	8	0.145454545	0
12	0.196721311	4	0.06557377	0
8	0.216216216	5	0.135135135	0
15	0.375	10	0.25	0
12	0.4	5	0.166666667	0
8	0.131147541	3	0.049180328	0
11	0.523809524	4	0.19047619	0
15	0.272727273	6	0.109090909	0
10	0.476190476	5	0.238095238	0
12	0.082758621	6	0.04137931	0
25	0.568181818	8	0.181818182	0
7	0.35	2	0.1	0
14	0.35	3	0.075	0
11	0.423076923	7	0.269230769	0
20	0.444444444	6	0.133333333	0
13	0.224137931	5	0.086206897	0
5	0.034482759	1	0.006896552	0
25	0.172413793	13	0.089655172	0
10	0.303030303	5	0.151515152	0
22	0.151724138	11	0.075862069	0
10	0.23255814	6	0.139534884	0
22	0.360655738	10	0.163934426	0
8	0.181818182	5	0.113636364	0
52	0.35862069	29	0.2	0
13	0.213114754	4	0.06557377	0
6	0.1875	5	0.15625	0
3	0.090909091	0	0	0
18	0.295081967	7	0.114754098	0
33	0.227586207	18	0.124137931	0
9	0.062068966	4	0.027586207	0
19	0.260273973	5	0.068493151	0
7	0.388888889	1	0.055555556	0
6	0.103448276	1	0.017241379	0
8	0.363636364	2	0.090909091	0
7	0.24137931	2	0.068965517	0
4	0.148148148	0	0	0
10	0.5	6	0.3	0
16	0.219178082	12	0.164383562	0
6	0.15	4	0.1	0
16	0.275862069	4	0.068965517	0
4	0.108108108	0	0	0
22	0.379310345	10	0.172413793	0
2	0.064516129	1	0.032258065	0
3	0.096774194	0	0	0
5	0.12195122	1	0.024390244	0
4	0.093023256	4	0.093023256	0
10	0.163934426	2	0.032786885	0
31	0.213793103	13	0.089655172	0
10	0.454545455	5	0.227272727	0
13	0.236363636	6	0.109090909	0
7	0.2	5	0.142857143	0
9	0.529411765	4	0.235294118	0
9	0.272727273	4	0.121212121	0
42	0.289655172	20	0.137931034	0
6	0.25	5	0.208333333	0
34	0.234482759	13	0.089655172	0
6	0.139534884	3	0.069767442	0
11	0.2	2	0.036363636	0
32	0.220689655	15	0.103448276	0
13	0.351351351	3	0.081081081	0
13	0.317073171	7	0.170731707	0
6	0.171428571	0	0	0
7	0.159090909	1	0.022727273	0
15	0.375	8	0.2	0
10	0.163934426	7	0.114754098	0
18	0.124137931	5	0.034482759	0
12	0.413793103	5	0.172413793	0
5	0.125	2	0.05	0
7	0.2	2	0.057142857	0
8	0.571428571	2	0.142857143	0
10	0.294117647	6	0.176470588	0
6	0.461538462	3	0.230769231	0
10	0.25	2	0.05	0
26	0.356164384	13	0.178082192	0
22	0.431372549	12	0.235294118	0
9	0.204545455	5	0.113636364	0
3	0.073170732	1	0.024390244	0
5	0.172413793	2	0.068965517	0
11	0.611111111	5	0.277777778	0
4	0.114285714	4	0.114285714	0
3	0.054545455	2	0.036363636	0
4	0.5	0	0	0
11	0.25	2	0.045454545	0
9	0.155172414	2	0.034482759	0
7	0.291666667	6	0.25	0
14	0.378378378	6	0.162162162	0
5	0.178571429	5	0.178571429	0
11	0.275	3	0.075	0
9	0.155172414	3	0.051724138	0
6	0.04137931	1	0.006896552	0
5	0.098039216	0	0	0
8	0.242424242	6	0.181818182	0
7	0.411764706	0	0	0
6	0.214285714	5	0.178571429	0
2	0.060606061	1	0.03030303	0
9	0.428571429	2	0.095238095	0
7	0.114754098	5	0.081967213	0
27	0.186206897	17	0.117241379	0
8	0.055172414	6	0.04137931	0
4	0.072727273	3	0.054545455	0
8	0.4	0	0	0
8	0.275862069	6	0.206896552	0
16	0.219178082	10	0.136986301	0
13	0.224137931	8	0.137931034	0
33	0.227586207	20	0.137931034	0
7	0.24137931	1	0.034482759	0
5	0.131578947	5	0.131578947	0
7	0.269230769	2	0.076923077	0
9	0.45	5	0.25	0
4	0.137931034	0	0	0
5	0.238095238	1	0.047619048	0
6	0.157894737	2	0.052631579	0
20	0.137931034	10	0.068965517	0
16	0.262295082	5	0.081967213	0
17	0.293103448	11	0.189655172	0
3	0.049180328	2	0.032786885	0
8	0.421052632	2	0.105263158	0
12	0.164383562	7	0.095890411	0
9	0.272727273	7	0.212121212	0
13	0.419354839	3	0.096774194	0
4	0.108108108	4	0.108108108	0
6	0.117647059	5	0.098039216	0
6	0.117647059	1	0.019607843	0
11	0.366666667	4	0.133333333	0
6	0.1875	1	0.03125	0
16	0.484848485	10	0.303030303	0
30	0.206896552	21	0.144827586	0
8	1	4	0.5	0
27	0.529411765	15	0.294117647	0
7	0.170731707	4	0.097560976	0
15	0.5	7	0.233333333	0
19	0.131034483	7	0.048275862	0
5	0.068493151	3	0.04109589	0
3	0.054545455	3	0.054545455	0
19	0.5	12	0.315789474	0
11	0.075862069	5	0.034482759	0
22	0.151724138	9	0.062068966	0
2	0.034482759	2	0.034482759	0
10	0.285714286	3	0.085714286	0
10	0.181818182	6	0.109090909	0
5	0.034482759	0	0	0
6	0.272727273	0	0	0
5	0.166666667	2	0.066666667	0
13	0.224137931	3	0.051724138	0
10	0.303030303	2	0.060606061	0
7	0.318181818	3	0.136363636	0
15	0.365853659	9	0.219512195	0
24	0.393442623	10	0.163934426	0
14	0.274509804	6	0.117647059	0
9	0.290322581	4	0.129032258	0
7	0.184210526	6	0.157894737	0
29	0.2	15	0.103448276	0
9	0.333333333	3	0.111111111	0
8	0.307692308	1	0.038461538	0
4	0.097560976	3	0.073170732	0
6	0.230769231	5	0.192307692	0
5	0.166666667	5	0.166666667	0
6	0.15	2	0.05	0
10	0.222222222	1	0.022222222	0
1	0.023255814	1	0.023255814	0
7	0.333333333	4	0.19047619	0
12	0.387096774	4	0.129032258	0
11	0.150684932	5	0.068493151	0
10	0.136986301	4	0.054794521	0
5	0.068493151	4	0.054794521	0
9	0.409090909	4	0.181818182	0
8	0.055172414	4	0.027586207	0
8	0.285714286	5	0.178571429	0
10	0.285714286	4	0.114285714	0
10	0.068965517	6	0.04137931	0
9	0.147540984	1	0.016393443	0
14	0.264150943	5	0.094339623	0
11	0.407407407	4	0.148148148	0
7	0.127272727	5	0.090909091	0
10	0.625	4	0.25	0
5	0.15625	4	0.125	0
11	0.333333333	5	0.151515152	0
22	0.511627907	12	0.279069767	0
13	0.448275862	6	0.206896552	0
3	0.049180328	3	0.049180328	0
18	0.473684211	8	0.210526316	0
11	0.366666667	3	0.1	0
13	0.178082192	2	0.02739726	0
9	0.272727273	5	0.151515152	0
12	0.206896552	4	0.068965517	0
12	0.206896552	9	0.155172414	0
4	0.1	0	0	0
6	0.333333333	5	0.277777778	0
21	0.381818182	12	0.218181818	0
11	0.25	7	0.159090909	0
10	0.243902439	6	0.146341463	0
11	0.268292683	5	0.12195122	0
9	0.45	2	0.1	0
8	0.150943396	3	0.056603774	0
12	0.75	5	0.3125	0
13	0.393939394	5	0.151515152	0
5	0.113636364	1	0.022727273	0
13	0.178082192	8	0.109589041	0
14	0.466666667	7	0.233333333	0
37	0.255172414	18	0.124137931	0
17	0.459459459	10	0.27027027	0
5	0.090909091	0	0	0
7	0.212121212	6	0.181818182	0
7	0.318181818	4	0.181818182	0
16	0.219178082	6	0.082191781	0
7	0.25	4	0.142857143	0
14	0.191780822	6	0.082191781	0
6	0.109090909	1	0.018181818	0
12	0.363636364	6	0.181818182	0
9	0.409090909	5	0.227272727	0
12	0.196721311	7	0.114754098	0
5	0.277777778	3	0.166666667	0
6	0.260869565	6	0.260869565	0
7	0.21875	1	0.03125	0
6	0.146341463	3	0.073170732	0
7	0.048275862	1	0.006896552	0
2	0.064516129	0	0	0
4	0.153846154	0	0	0
15	0.294117647	10	0.196078431	0
17	0.653846154	11	0.423076923	0
13	0.089655172	3	0.020689655	0
9	0.3	3	0.1	0
2	0.036363636	0	0	0
4	0.054794521	0	0	0
32	0.220689655	11	0.075862069	0
6	0.109090909	3	0.054545455	0
5	0.172413793	3	0.103448276	0
2	0.013793103	2	0.013793103	0
6	0.146341463	5	0.12195122	0
16	0.432432432	8	0.216216216	0
5	0.151515152	3	0.090909091	0
5	0.090909091	4	0.072727273	0
11	0.297297297	4	0.108108108	0
10	0.476190476	3	0.142857143	0
7	0.184210526	4	0.105263158	0
8	0.181818182	4	0.090909091	0
9	0.062068966	2	0.013793103	0
9	0.3	4	0.133333333	0
10	0.333333333	2	0.066666667	0
16	0.301886792	8	0.150943396	0
11	0.150684932	4	0.054794521	0
18	0.124137931	2	0.013793103	0
2	0.044444444	0	0	0
8	0.4	1	0.05	0
16	0.301886792	13	0.245283019	0
14	0.254545455	4	0.072727273	0
28	0.193103448	19	0.131034483	0
7	0.35	3	0.15	0
7	0.4375	1	0.0625	0
15	0.294117647	6	0.117647059	0
6	0.3	2	0.1	0
7	0.120689655	3	0.051724138	0
6	0.2	0	0	0
7	0.24137931	0	0	0
4	0.090909091	3	0.068181818	0
16	0.5	9	0.28125	0
8	0.347826087	2	0.086956522	0
15	0.428571429	6	0.171428571	0
12	0.315789474	10	0.263157895	0
26	0.179310345	10	0.068965517	0
6	0.2	1	0.033333333	0
25	0.431034483	13	0.224137931	0
7	0.225806452	2	0.064516129	0
11	0.255813953	6	0.139534884	0
6	0.2	2	0.066666667	0
10	0.384615385	7	0.269230769	0
1	0.033333333	0	0	0
8	0.258064516	5	0.161290323	0
9	0.225	5	0.125	0
8	0.109589041	2	0.02739726	0
7	0.4375	3	0.1875	0
12	0.292682927	3	0.073170732	0
7	0.24137931	4	0.137931034	0
4	0.16	4	0.16	0
11	0.314285714	3	0.085714286	0
11	0.215686275	8	0.156862745	0
9	0.391304348	1	0.043478261	0
16	0.421052632	6	0.157894737	0
10	0.243902439	5	0.12195122	0
12	0.545454545	7	0.318181818	0
9	0.219512195	5	0.12195122	0
3	0.115384615	0	0	0
9	0.642857143	3	0.214285714	0
6	0.04137931	3	0.020689655	0
6	0.04137931	0	0	0
7	0.137254902	6	0.117647059	0
20	0.363636364	6	0.109090909	0
25	0.172413793	11	0.075862069	0
7	0.205882353	6	0.176470588	0
12	0.666666667	6	0.333333333	0
9	0.257142857	3	0.085714286	0
1	0.047619048	0	0	0
11	0.244444444	4	0.088888889	0
9	0.176470588	5	0.098039216	0
10	0.263157895	5	0.131578947	0
22	0.151724138	6	0.04137931	0
5	0.081967213	3	0.049180328	0
16	0.301886792	6	0.113207547	0
6	0.136363636	1	0.022727273	0
5	0.090909091	2	0.036363636	0
7	0.127272727	4	0.072727273	0
8	0.258064516	6	0.193548387	0
10	0.322580645	6	0.193548387	0
8	0.296296296	3	0.111111111	0
3	0.068181818	1	0.022727273	0
18	0.124137931	4	0.027586207	0
7	0.225806452	4	0.129032258	0
11	0.297297297	5	0.135135135	0
3	0.078947368	3	0.078947368	0
14	0.274509804	7	0.137254902	0
12	0.363636364	5	0.151515152	0
32	0.438356164	18	0.246575342	0
6	0.157894737	1	0.026315789	0
10	0.322580645	2	0.064516129	0
14	0.424242424	4	0.121212121	0
8	0.228571429	6	0.171428571	0
12	0.082758621	2	0.013793103	0
7	0.162790698	1	0.023255814	0
17	0.515151515	11	0.333333333	0
2	0.060606061	2	0.060606061	0
13	0.254901961	7	0.137254902	0
11	0.180327869	1	0.016393443	0
18	0.327272727	4	0.072727273	0
5	0.135135135	5	0.135135135	0
5	0.2	5	0.2	0
7	0.175	6	0.15	0
16	0.363636364	7	0.159090909	0
6	0.428571429	2	0.142857143	0
4	0.078431373	3	0.058823529	0
9	0.257142857	2	0.057142857	0
11	0.379310345	2	0.068965517	0
9	0.219512195	3	0.073170732	0
12	0.571428571	6	0.285714286	0
12	0.082758621	8	0.055172414	0
20	0.327868852	10	0.163934426	0
9	0.409090909	2	0.090909091	0
19	0.612903226	8	0.258064516	0
18	0.124137931	13	0.089655172	0
4	0.129032258	1	0.032258065	0
13	0.236363636	4	0.072727273	0
12	0.206896552	6	0.103448276	0
13	0.5	3	0.115384615	0
11	0.35483871	5	0.161290323	0
33	0.227586207	14	0.096551724	0
11	0.180327869	3	0.049180328	0
4	0.133333333	1	0.033333333	0
7	0.175	4	0.1	0
10	0.227272727	7	0.159090909	0
11	0.255813953	4	0.093023256	0
8	0.235294118	0	0	0
11	0.268292683	8	0.195121951	0
9	0.333333333	5	0.185185185	0
10	0.454545455	6	0.272727273	0
9	0.163636364	5	0.090909091	0
28	0.383561644	10	0.136986301	0
14	0.096551724	10	0.068965517	0
10	0.333333333	3	0.1	0
3	0.088235294	1	0.029411765	0
11	0.25	4	0.090909091	0
13	0.65	2	0.1	0
8	0.210526316	2	0.052631579	0
7	0.095890411	0	0	0
12	0.226415094	4	0.075471698	0
10	0.136986301	5	0.068493151	0
6	0.333333333	1	0.055555556	0
7	0.095890411	5	0.068493151	0
11	0.5	3	0.136363636	0
4	0.137931034	1	0.034482759	0
8	0.186046512	2	0.046511628	0
18	0.45	8	0.2	0
14	0.096551724	8	0.055172414	0
4	0.06557377	1	0.016393443	0
7	0.411764706	7	0.411764706	0
9	0.123287671	6	0.082191781	0
10	0.344827586	3	0.103448276	0
17	0.232876712	9	0.123287671	0
12	0.545454545	5	0.227272727	0
4	0.088888889	1	0.022222222	0
8	0.4	3	0.15	0
7	0.538461538	3	0.230769231	0
2	0.045454545	2	0.045454545	0
10	0.196078431	6	0.117647059	0
9	0.236842105	7	0.184210526	0
19	0.260273973	7	0.095890411	0
1	0.037037037	0	0	0
20	0.363636364	7	0.127272727	0
10	0.5	2	0.1	0
8	0.195121951	5	0.12195122	0
16	0.262295082	8	0.131147541	0
15	0.283018868	8	0.150943396	0
7	0.35	0	0	0
16	0.31372549	10	0.196078431	0
33	0.227586207	17	0.117241379	0
10	0.163934426	6	0.098360656	0
9	0.062068966	3	0.020689655	0
6	0.15	5	0.125	0
12	0.363636364	8	0.242424242	0
12	0.5	8	0.333333333	0
7	0.411764706	2	0.117647059	0
11	0.297297297	6	0.162162162	0
5	0.185185185	2	0.074074074	0
12	0.164383562	6	0.082191781	0
11	0.215686275	6	0.117647059	0
8	0.177777778	4	0.088888889	0
21	0.466666667	5	0.111111111	0
8	0.228571429	0	0	0
13	0.089655172	8	0.055172414	0
11	0.25	5	0.113636364	0
5	0.238095238	0	0	0
15	0.245901639	4	0.06557377	0
12	0.082758621	4	0.027586207	0
8	0.5	1	0.0625	0
30	0.410958904	16	0.219178082	0
6	0.082191781	3	0.04109589	0
4	0.137931034	3	0.103448276	0
15	0.576923077	6	0.230769231	0
10	0.136986301	3	0.04109589	0
11	0.2	6	0.109090909	0
8	0.137931034	4	0.068965517	0
9	0.473684211	4	0.210526316	0
6	0.193548387	0	0	0
11	0.25	6	0.136363636	0
8	0.145454545	0	0	0
12	0.315789474	5	0.131578947	0
2	0.074074074	0	0	0
4	0.06557377	0	0	0
7	0.233333333	4	0.133333333	0
12	0.272727273	10	0.227272727	0
12	0.292682927	5	0.12195122	0
9	0.2	4	0.088888889	0
27	0.369863014	15	0.205479452	0
8	0.347826087	3	0.130434783	0
10	0.526315789	7	0.368421053	0
6	0.25	4	0.166666667	0
9	0.310344828	5	0.172413793	0
7	0.162790698	3	0.069767442	0
8	0.145454545	7	0.127272727	0
21	0.6	9	0.257142857	0
10	0.181818182	4	0.072727273	0
8	0.258064516	0	0	0
27	0.529411765	16	0.31372549	0
3	0.066666667	0	0	0
26	0.179310345	15	0.103448276	0
9	0.163636364	2	0.036363636	0
16	0.432432432	6	0.162162162	0
20	0.273972603	10	0.136986301	0
7	0.155555556	3	0.066666667	0
5	0.125	4	0.1	0
2	0.046511628	1	0.023255814	0
12	0.375	5	0.15625	0
3	0.051724138	3	0.051724138	0
8	0.242424242	4	0.121212121	0
5	0.135135135	2	0.054054054	0
4	0.072727273	0	0	0
40	0.275862069	22	0.151724138	0
6	0.181818182	5	0.151515152	0
12	0.292682927	4	0.097560976	0
20	0.273972603	9	0.123287671	0
18	0.310344828	5	0.086206897	0
19	0.5	7	0.184210526	0
18	0.327272727	9	0.163636364	0
13	0.325	7	0.175	0
14	0.636363636	10	0.454545455	0
32	0.220689655	13	0.089655172	0
2	0.048780488	1	0.024390244	0
5	0.185185185	0	0	0
10	0.068965517	2	0.013793103	0
11	0.314285714	6	0.171428571	0
15	0.205479452	4	0.054794521	0
11	0.215686275	3	0.058823529	0
7	0.212121212	5	0.151515152	0
2	0.044444444	1	0.022222222	0
12	0.6	6	0.3	0
5	0.12195122	0	0	0
5	0.131578947	4	0.105263158	0
31	0.213793103	9	0.062068966	0
15	0.348837209	7	0.162790698	0
2	0.044444444	2	0.044444444	0
5	0.147058824	4	0.117647059	0
4	0.19047619	0	0	0
15	0.245901639	5	0.081967213	0
6	0.117647059	3	0.058823529	0
1	0.01369863	1	0.01369863	0
3	0.04109589	3	0.04109589	0
11	0.323529412	8	0.235294118	0
4	0.088888889	0	0	0
16	0.262295082	12	0.196721311	0
8	0.266666667	3	0.1	0
8	0.177777778	1	0.022222222	0
14	0.482758621	10	0.344827586	0
6	0.098360656	2	0.032786885	0
3	0.078947368	2	0.052631579	0
17	0.232876712	8	0.109589041	0
2	0.045454545	0	0	0
7	0.127272727	1	0.018181818	0
13	0.295454545	4	0.090909091	0
15	0.103448276	6	0.04137931	0
18	0.246575342	7	0.095890411	0
9	0.409090909	1	0.045454545	0
4	0.093023256	2	0.046511628	0
2	0.05	2	0.05	0
14	0.096551724	2	0.013793103	0
7	0.127272727	0	0	0
6	0.139534884	2	0.046511628	0
15	0.25862069	7	0.120689655	0
2	0.036363636	2	0.036363636	0
8	0.186046512	0	0	0
20	0.137931034	9	0.062068966	0
22	0.4	13	0.236363636	0
31	0.534482759	8	0.137931034	0
7	0.170731707	2	0.048780488	0
4	0.117647059	4	0.117647059	0
10	0.136986301	7	0.095890411	0
7	0.170731707	7	0.170731707	0
9	0.290322581	2	0.064516129	0
14	0.096551724	4	0.027586207	0
33	0.227586207	11	0.075862069	0
9	0.529411765	2	0.117647059	0
29	0.397260274	15	0.205479452	0
4	0.105263158	0	0	0
9	0.123287671	5	0.068493151	0
4	0.1	2	0.05	0
10	0.25	7	0.175	0
8	0.258064516	3	0.096774194	0
11	0.55	2	0.1	0
10	0.263157895	4	0.105263158	0
10	0.714285714	4	0.285714286	0
8	0.25	3	0.09375	0
12	0.545454545	4	0.181818182	0
5	0.125	3	0.075	0
8	0.137931034	1	0.017241379	0
7	0.259259259	5	0.185185185	0
6	0.157894737	5	0.131578947	0
5	0.12195122	2	0.048780488	0
11	0.268292683	7	0.170731707	0
8	0.285714286	2	0.071428571	0
13	0.317073171	5	0.12195122	0
10	0.454545455	3	0.136363636	0
11	0.075862069	2	0.013793103	0
11	0.275	2	0.05	0
6	0.24	5	0.2	0
9	0.147540984	6	0.098360656	0
20	0.392156863	10	0.196078431	0
42	0.289655172	15	0.103448276	0
13	0.393939394	4	0.121212121	0
8	0.228571429	2	0.057142857	0
18	0.246575342	6	0.082191781	0
15	0.405405405	2	0.054054054	0
5	0.131578947	1	0.026315789	0
18	0.124137931	10	0.068965517	0
8	0.5	3	0.1875	0
19	0.327586207	10	0.172413793	0
7	0.333333333	5	0.238095238	0
9	0.204545455	6	0.136363636	0
10	0.833333333	5	0.416666667	0
8	0.137931034	5	0.086206897	0
15	0.25862069	4	0.068965517	0
7	0.189189189	5	0.135135135	0
9	0.2	5	0.111111111	0
10	0.434782609	1	0.043478261	0
6	0.139534884	0	0	0
22	0.360655738	8	0.131147541	0
14	0.35	6	0.15	0
8	0.137931034	7	0.120689655	0
13	0.224137931	6	0.103448276	0
10	0.476190476	4	0.19047619	0
39	0.268965517	19	0.131034483	0
12	0.461538462	8	0.307692308	0
6	0.285714286	2	0.095238095	0
9	0.5	6	0.333333333	0
3	0.111111111	1	0.037037037	0
9	0.321428571	6	0.214285714	0
11	0.2	4	0.072727273	0
13	0.393939394	7	0.212121212	0
15	0.272727273	3	0.054545455	0
10	0.263157895	6	0.157894737	0
6	0.103448276	5	0.086206897	0
6	0.15	0	0	0
16	0.484848485	8	0.242424242	0
20	0.344827586	7	0.120689655	0
22	0.301369863	9	0.123287671	0
10	0.303030303	7	0.212121212	0
3	0.085714286	0	0	0
13	0.302325581	6	0.139534884	0
7	0.184210526	3	0.078947368	0
7	0.189189189	3	0.081081081	0
13	0.245283019	7	0.132075472	0
10	0.384615385	2	0.076923077	0
23	0.418181818	11	0.2	0
6	0.113207547	1	0.018867925	0
12	0.6	8	0.4	0
11	0.075862069	4	0.027586207	0
9	0.169811321	6	0.113207547	0
6	0.146341463	6	0.146341463	0
21	0.144827586	11	0.075862069	0
19	0.542857143	10	0.285714286	0
23	0.315068493	10	0.136986301	0
19	0.31147541	8	0.131147541	0
8	0.216216216	3	0.081081081	0
12	0.3	4	0.1	0
12	0.164383562	8	0.109589041	0
12	0.082758621	3	0.020689655	0
10	0.555555556	4	0.222222222	0
11	0.189655172	3	0.051724138	0
3	0.051724138	0	0	0
6	0.3	1	0.05	0
13	0.236363636	2	0.036363636	0
26	0.356164384	16	0.219178082	0
8	0.195121951	1	0.024390244	0
12	0.196721311	3	0.049180328	0
28	0.193103448	15	0.103448276	0
7	0.175	2	0.05	0
18	0.327272727	7	0.127272727	0
7	0.212121212	4	0.121212121	0
5	0.227272727	1	0.045454545	0
25	0.172413793	9	0.062068966	0
6	0.146341463	4	0.097560976	0
14	0.424242424	7	0.212121212	0
18	0.310344828	8	0.137931034	0
9	0.321428571	5	0.178571429	0
9	0.176470588	4	0.078431373	0
11	0.189655172	2	0.034482759	0
9	0.5625	4	0.25	0
25	0.409836066	13	0.213114754	0
45	0.310344828	24	0.165517241	0
16	0.275862069	8	0.137931034	0
11	0.5	6	0.272727273	0
24	0.533333333	17	0.377777778	0
9	0.219512195	2	0.048780488	0
10	0.666666667	4	0.266666667	0
26	0.426229508	11	0.180327869	0
15	0.375	6	0.15	0
5	0.15625	0	0	0
12	0.48	8	0.32	0
8	0.25	2	0.0625	0
5	0.111111111	2	0.044444444	0
3	0.020689655	2	0.013793103	0
13	0.382352941	9	0.264705882	0
15	0.205479452	10	0.136986301	0
8	0.242424242	3	0.090909091	0
11	0.2	5	0.090909091	0
6	0.352941176	5	0.294117647	0
5	0.172413793	1	0.034482759	0
9	0.692307692	6	0.461538462	0
9	0.204545455	4	0.090909091	0
12	0.4	6	0.2	0
15	0.428571429	5	0.142857143	0
9	0.28125	7	0.21875	0
5	0.178571429	2	0.071428571	0
11	0.407407407	5	0.185185185	0
16	0.551724138	9	0.310344828	0
4	0.142857143	3	0.107142857	0
18	0.473684211	9	0.236842105	0
3	0.04109589	0	0	0
6	0.461538462	6	0.461538462	0
8	0.347826087	5	0.217391304	0
8	0.235294118	7	0.205882353	0
6	0.157894737	3	0.078947368	0
11	0.189655172	6	0.103448276	0
9	0.346153846	2	0.076923077	0
6	0.136363636	3	0.068181818	0
7	0.318181818	2	0.090909091	0
4	0.072727273	4	0.072727273	0
16	0.110344828	13	0.089655172	0
9	0.062068966	6	0.04137931	0
9	0.062068966	5	0.034482759	0
11	0.255813953	7	0.162790698	0
8	0.2	2	0.05	0
27	0.465517241	15	0.25862069	0
22	0.360655738	13	0.213114754	0
17	0.293103448	9	0.155172414	0
5	0.166666667	0	0	0
11	0.268292683	2	0.048780488	0
22	0.301369863	12	0.164383562	0
21	0.144827586	12	0.082758621	0
12	0.324324324	6	0.162162162	0
3	0.073170732	3	0.073170732	0
33	0.227586207	19	0.131034483	0
7	0.155555556	2	0.044444444	0
6	0.133333333	3	0.066666667	0
5	0.384615385	5	0.384615385	0
13	0.419354839	5	0.161290323	0
8	0.380952381	5	0.238095238	0
9	0.062068966	7	0.048275862	0
8	0.666666667	3	0.25	0
4	0.097560976	0	0	0
8	0.186046512	5	0.11627907	0
10	0.384615385	3	0.115384615	0
8	0.307692308	2	0.076923077	0
19	0.131034483	10	0.068965517	0
4	0.121212121	3	0.090909091	0
5	0.238095238	3	0.142857143	0
11	0.333333333	6	0.181818182	0
4	0.125	1	0.03125	0
13	0.224137931	7	0.120689655	0
14	0.096551724	5	0.034482759	0
15	0.205479452	13	0.178082192	0
3	0.04109589	2	0.02739726	0
6	0.315789474	2	0.105263158	0
4	0.181818182	1	0.045454545	0
13	0.382352941	8	0.235294118	0
35	0.479452055	14	0.191780822	0
8	0.216216216	2	0.054054054	0
18	0.352941176	6	0.117647059	0
19	0.131034483	9	0.062068966	0
8	0.228571429	5	0.142857143	0
9	0.272727273	6	0.181818182	0
7	0.411764706	3	0.176470588	0
12	0.164383562	2	0.02739726	0
3	0.107142857	0	0	0
16	0.355555556	7	0.155555556	0
28	0.193103448	17	0.117241379	0
23	0.37704918	10	0.163934426	0
11	0.35483871	4	0.129032258	0
2	0.048780488	0	0	0
27	0.658536585	11	0.268292683	0
11	0.323529412	7	0.205882353	0
6	0.3	0	0	0
10	0.222222222	4	0.088888889	0
5	0.081967213	2	0.032786885	0
9	0.243243243	3	0.081081081	0
22	0.4	8	0.145454545	0
7	0.333333333	3	0.142857143	0
5	0.081967213	1	0.016393443	0
5	0.172413793	0	0	0
11	0.5	5	0.227272727	0
35	0.24137931	14	0.096551724	0
11	0.379310345	3	0.103448276	0
6	0.04137931	2	0.013793103	0
6	0.214285714	1	0.035714286	0
12	0.631578947	7	0.368421053	0
10	0.4	7	0.28	0
13	0.351351351	4	0.108108108	0
8	0.131147541	4	0.06557377	0
16	0.110344828	9	0.062068966	0
6	0.285714286	3	0.142857143	0
20	0.344827586	8	0.137931034	0
4	0.054794521	4	0.054794521	0
14	0.254545455	8	0.145454545	0
11	0.423076923	2	0.076923077	0
2	0.054054054	2	0.054054054	0
16	0.432432432	11	0.297297297	0
9	0.062068966	1	0.006896552	0
11	0.275	6	0.15	0
7	0.233333333	3	0.1	0
8	0.137931034	6	0.103448276	0
5	0.151515152	2	0.060606061	0
19	0.37254902	12	0.235294118	0
8	0.275862069	2	0.068965517	0
12	0.461538462	4	0.153846154	0
13	0.089655172	4	0.027586207	0
7	0.175	1	0.025	0
9	0.333333333	2	0.074074074	0
9	0.428571429	1	0.047619048	0
51	0.351724138	27	0.186206897	0
8	0.285714286	1	0.035714286	0
3	0.09375	0	0	0
14	0.191780822	4	0.054794521	0
18	0.295081967	5	0.081967213	0
4	0.1	1	0.025	0
7	0.35	5	0.25	0
9	0.163636364	1	0.018181818	0
8	0.210526316	4	0.105263158	0
12	0.4	4	0.133333333	0
3	0.096774194	3	0.096774194	0
8	0.055172414	2	0.013793103	0
9	0.176470588	7	0.137254902	0
6	0.162162162	6	0.162162162	0
6	0.109090909	0	0	0
9	0.147540984	7	0.114754098	0
6	0.4	2	0.133333333	0
14	0.229508197	4	0.06557377	0
15	0.25862069	8	0.137931034	0
7	0.162790698	2	0.046511628	0
14	0.24137931	7	0.120689655	0
4	0.090909091	4	0.090909091	0
10	0.163934426	5	0.081967213	0
8	0.363636364	3	0.136363636	0
6	0.103448276	0	0	0
8	0.470588235	0	0	0
4	0.210526316	0	0	0
11	0.268292683	6	0.146341463	0
12	0.444444444	9	0.333333333	0
14	0.482758621	6	0.206896552	0
20	0.137931034	4	0.027586207	0
20	0.606060606	8	0.242424242	0
7	0.184210526	1	0.026315789	0
18	0.124137931	6	0.04137931	0
8	0.181818182	6	0.136363636	0
5	0.125	0	0	0
5	0.090909091	3	0.054545455	0
6	0.222222222	1	0.037037037	0
8	0.109589041	4	0.054794521	0
10	0.188679245	7	0.132075472	0
5	0.185185185	1	0.037037037	0
7	0.259259259	4	0.148148148	0
12	0.266666667	3	0.066666667	0
12	0.206896552	7	0.120689655	0
7	0.095890411	1	0.01369863	0
13	0.325	3	0.075	0
5	0.227272727	2	0.090909091	0
6	0.157894737	4	0.105263158	0
32	0.220689655	10	0.068965517	0
6	0.1875	0	0	0
5	0.086206897	0	0	0
10	0.181818182	7	0.127272727	0
6	0.04137931	4	0.027586207	0
8	0.296296296	4	0.148148148	0
12	0.363636364	4	0.121212121	0
8	0.615384615	6	0.461538462	0
16	0.275862069	13	0.224137931	0
4	0.307692308	4	0.307692308	0
16	0.470588235	9	0.264705882	0
7	0.048275862	2	0.013793103	0
13	0.433333333	4	0.133333333	0
1	0.006896552	0	0	0
15	0.454545455	5	0.151515152	0
8	0.2	4	0.1	0
11	0.423076923	4	0.153846154	0
10	0.303030303	1	0.03030303	0
6	0.136363636	2	0.045454545	0
11	0.075862069	3	0.020689655	0
5	0.185185185	3	0.111111111	0
1	0.01369863	0	0	0
6	0.133333333	1	0.022222222	0
22	0.301369863	13	0.178082192	0
10	0.27027027	4	0.108108108	0
3	0.066666667	3	0.066666667	0
6	0.082191781	1	0.01369863	0
11	0.255813953	3	0.069767442	0
31	0.213793103	18	0.124137931	0
8	0.363636364	0	0	0
14	0.264150943	8	0.150943396	0
6	0.171428571	2	0.057142857	0
10	0.37037037	3	0.111111111	0
4	0.25	0	0	0
14	0.4375	9	0.28125	0
22	0.431372549	13	0.254901961	0
13	0.295454545	7	0.159090909	0
7	0.095890411	2	0.02739726	0
5	0.086206897	2	0.034482759	0
20	0.137931034	7	0.048275862	0
16	0.301886792	5	0.094339623	0
7	0.212121212	2	0.060606061	0
9	0.28125	6	0.1875	0
8	0.131147541	2	0.032786885	0
15	0.46875	9	0.28125	0
27	0.186206897	9	0.062068966	0
7	0.388888889	5	0.277777778	0
10	0.25	3	0.075	0
9	0.333333333	4	0.148148148	0
11	0.47826087	4	0.173913043	0
6	0.04137931	5	0.034482759	0
12	0.292682927	1	0.024390244	0
6	0.082191781	5	0.068493151	0
2	0.02739726	0	0	0
7	0.048275862	5	0.034482759	0
7	0.095890411	4	0.054794521	0
10	0.068965517	3	0.020689655	0
8	0.177777778	3	0.066666667	0
8	0.296296296	5	0.185185185	0
18	0.545454545	6	0.181818182	0
14	0.274509804	4	0.078431373	0
9	0.45	3	0.15	0
9	0.409090909	3	0.136363636	0
9	0.123287671	2	0.02739726	0
8	0.470588235	2	0.117647059	0
10	0.25	6	0.15	0
4	0.075471698	0	0	0
8	0.137931034	2	0.034482759	0
12	0.324324324	3	0.081081081	0
7	0.225806452	1	0.032258065	0
7	0.25	2	0.071428571	0
2	0.068965517	0	0	0
12	0.196721311	6	0.098360656	0
4	0.105263158	2	0.052631579	0
11	0.55	3	0.15	0
9	0.176470588	2	0.039215686	0
12	0.342857143	3	0.085714286	0
10	0.068965517	8	0.055172414	0
15	0.375	9	0.225	0
15	0.340909091	10	0.227272727	0
7	0.159090909	3	0.068181818	0
12	0.444444444	7	0.259259259	0
14	0.229508197	8	0.131147541	0
12	0.545454545	6	0.272727273	0
5	0.098039216	1	0.019607843	0
6	0.098360656	0	0	0
6	0.230769231	6	0.230769231	0
11	0.392857143	5	0.178571429	0
8	0.156862745	2	0.039215686	0
17	0.5	10	0.294117647	0
49	0.337931034	23	0.15862069	0
6	0.206896552	2	0.068965517	0
12	0.324324324	4	0.108108108	0
14	0.096551724	6	0.04137931	0
41	0.282758621	21	0.144827586	0
7	0.25	3	0.107142857	0
6	0.133333333	2	0.044444444	0
11	0.647058824	6	0.352941176	0
10	0.333333333	6	0.2	0
25	0.172413793	8	0.055172414	0
16	0.457142857	6	0.171428571	0
15	0.103448276	9	0.062068966	0
3	0.051724138	1	0.017241379	0
15	0.441176471	9	0.264705882	0
12	0.292682927	6	0.146341463	0
3	0.069767442	3	0.069767442	0
2	0.071428571	0	0	0
17	0.278688525	11	0.180327869	0
9	0.264705882	8	0.235294118	0
1	0.03030303	0	0	0
15	0.441176471	4	0.117647059	0
9	0.209302326	7	0.162790698	0
6	0.181818182	1	0.03030303	0
17	0.386363636	9	0.204545455	0
14	0.451612903	6	0.193548387	0
3	0.081081081	3	0.081081081	0
11	0.275	8	0.2	0
7	0.225806452	3	0.096774194	0
16	0.262295082	7	0.114754098	0
7	0.127272727	2	0.036363636	0
7	0.159090909	5	0.113636364	0
13	0.236363636	5	0.090909091	0
41	0.282758621	19	0.131034483	0
10	0.136986301	1	0.01369863	0
5	0.081967213	0	0	0
4	0.06557377	3	0.049180328	0
16	0.110344828	1	0.006896552	0
8	0.275862069	4	0.137931034	0
9	0.321428571	3	0.107142857	0
7	0.269230769	1	0.038461538	0
10	0.181818182	1	0.018181818	0
8	0.177777778	5	0.111111111	0
8	0.210526316	6	0.157894737	0
17	0.386363636	7	0.159090909	0
16	0.275862069	7	0.120689655	0
26	0.179310345	9	0.062068966	0
4	0.027586207	2	0.013793103	0
10	0.263157895	3	0.078947368	0
6	0.146341463	1	0.024390244	0
12	0.226415094	9	0.169811321	0
8	0.363636364	1	0.045454545	0
11	0.55	5	0.25	0
11	0.55	6	0.3	0
2	0.06897	2	0.06897	0
4	0.06897	4	0.06897	0
3	0.06977	0	0	0
3	0.06977	1	0.02326	0
3	0.06977	2	0.04651	0
3	0.06977	3	0.06977	0
1	0.07143	0	0	0
2	0.07143	0	0	0
2	0.07143	1	0.03571	0
1	0.07143	1	0.07143	0
